chr	posStart	posEnd	geneName	totSamples	NeanSamples	PropNean
10	3109738	3178997	PFKP	158	3	0.018987
10	3179917	3215033	PITRM1	157	4	0.025478
10	3183791	3190821	PITRM1-AS1	157	4	0.025478
10	4868367	4890254	AKR1E2	160	32	0.200000
10	5435062	5446791	TUBAL3	160	22	0.137500
10	5454518	5501019	NET1	160	23	0.143750
10	5903577	5931860	ANKRD16	160	41	0.256250
10	5931533	5979558	FBH1	160	46	0.287500
10	11495943	11653788	USP6NL	160	52	0.325000
10	11962019	12085169	UPF2	160	0	0.000000
10	12110951	12165220	DHTKD1	160	10	0.062500
10	12238185	12292588	CDC123	160	27	0.168750
10	13628963	13672859	PRPF18	160	1	0.006250
10	13685704	14372923	FRMD4A	160	1	0.006250
10	17686148	17758823	STAM	160	11	0.068750
10	21068900	21463116	NEBL	160	51	0.318750
10	23490843	23633726	C10orf67	160	12	0.075000
10	23983654	24836777	KIAA1217	160	51	0.318750
10	24872541	25012816	ARHGAP21	160	10	0.062500
10	25137541	25241535	PRTFDC1	160	27	0.168750
10	27035523	27150016	ABI1	160	36	0.225000
10	27399038	27443349	YME1L1	160	40	0.250000
10	27471765	27531040	ACBD5	156	32	0.205128
10	27793101	27831168	RAB18	160	81	0.506250
10	28101095	28288008	ARMC4	160	67	0.418750
10	43689979	43762513	RASGEF1A	160	29	0.181250
10	43867082	43871783	FXYD4	160	8	0.050000
10	43932294	43978629	ZNF487	160	10	0.062500
10	44124263	44170147	ZNF32-AS3	160	40	0.250000
10	44139305	44144329	ZNF32	160	40	0.250000
10	44139318	44140495	ZNF32-AS1	160	40	0.250000
10	44340752	44346070	LINC00619	159	49	0.308176
10	45950031	46090354	MARCHF8	155	0	0.000000
10	61548503	61666314	CCDC6	160	0	0.000000
10	61786054	62493286	ANK3	160	1	0.006250
10	63166398	63213139	TMEM26	159	15	0.094340
10	64133914	64431771	ZNF365	158	19	0.120253
10	67672274	69455953	CTNNA3	160	22	0.137500
10	68685792	68861309	LRRTM3	160	22	0.137500
10	70173819	70231878	DNA2	160	34	0.212500
10	70480994	70552134	CCAR1	160	27	0.168750
10	70661069	70706603	DDX50	155	28	0.180645
10	70715924	70744825	DDX21	160	29	0.181250
10	73156675	73575704	CDH23	160	0	0.000000
10	79734905	79789273	POLR3A	160	3	0.018750
10	86088343	86278277	CCSER2	160	24	0.150000
10	88426543	88495829	LDB3	160	0	0.000000
10	89623380	89731687	PTEN	159	1	0.006289
10	90694829	90751154	ACTA2	160	39	0.243750
10	91190054	91295351	SLC16A12	160	68	0.425000
10	91215746	91227908	SLC16A12-AS1	160	68	0.425000
10	91461345	91534700	KIF20B	160	72	0.450000
10	94211439	94333852	IDE	160	16	0.100000
10	111624522	111683311	XPNPEP1	160	1	0.006250
10	111967361	112047123	MXI1	160	0	0.000000
10	112050486	112064678	SMNDC1	160	16	0.100000
10	112836785	112840665	ADRA2A	160	2	0.012500
10	120435921	120514482	CACUL1	157	0	0.000000
10	121588914	121633140	MCMBP	160	51	0.318750
10	121652240	121704169	SEC23IP	160	52	0.325000
10	122216464	122349376	PLPP4	160	1	0.006250
10	124030809	124097685	BTBD16	160	78	0.487500
10	124221067	124274423	HTRA1	160	31	0.193750
10	124457223	124459362	C10orf120	160	23	0.143750
10	126672884	126849599	CTBP2	150	2	0.013333
10	127408082	127452712	EDRF1	160	4	0.025000
10	127455020	127464390	MMP21	160	4	0.025000
10	127473547	127511837	UROS	160	0	0.000000
10	127512113	127542264	BCCIP	160	0	0.000000
10	127700958	128077046	ADAM12	160	2	0.012500
10	131265503	131569247	MGMT	160	2	0.012500
10	131934637	131978646	GLRX3	158	17	0.107595
10	134351289	134596984	INPP5A	160	17	0.106250
chr	posStart	posEnd	geneName	totSamples	NeanSamples	PropNean
11	3696238	3818784	NUP98	160	0	0.000000
11	11863517	11983434	USP47	160	63	0.393750
11	20409074	20530884	PRMT3	160	81	0.506250
11	20621152	20680831	SLC6A5	160	103	0.643750
11	22214629	22304913	ANO5	160	63	0.393750
11	22840471	22851347	SVIP	159	11	0.069182
11	26210668	26684836	ANO3	160	1	0.006250
11	32409319	32457085	WT1	160	0	0.000000
11	36589561	36601312	RAG1	160	0	0.000000
11	44117097	44273531	EXT2	160	5	0.031250
11	48002109	48192391	PTPRJ	160	0	0.000000
11	55681124	55682058	OR5W2	160	0	0.000000
11	57067114	57092426	TNKS1BP1	160	0	0.000000
11	57093460	57103366	SSRP1	160	0	0.000000
11	57105824	57139869	P2RX3	160	0	0.000000
11	57174425	57195053	SLC43A3	160	1	0.006250
11	57319126	57335803	UBE2L6	160	1	0.006250
11	57479993	57586652	TMX2-CTNND1	160	2	0.012500
11	57529272	57587012	CTNND1	160	2	0.012500
11	57791351	57949088	OR9Q1	160	7	0.043750
11	57798423	57799378	OR6Q1	160	7	0.043750
11	58034262	58035732	OR10W1	160	2	0.012500
11	58294342	58345712	LPXN	159	2	0.012579
11	58346534	58389023	ZFP91	160	2	0.012500
11	58346585	58393206	ZFP91-CNTF	160	2	0.012500
11	58938901	58976061	DTX4	160	1	0.006250
11	60145956	60163427	MS4A7	157	11	0.070064
11	60163485	60185229	MS4A14	160	0	0.000000
11	60223280	60238225	MS4A1	158	10	0.063291
11	68452010	68458643	GAL	160	1	0.006250
11	68671317	68708069	IGHMBP2	160	1	0.006250
11	71996537	72145728	CLPB	160	4	0.025000
11	85405262	85522202	SYTL2	160	1	0.006250
11	85566142	85631064	CCDC83	160	0	0.000000
11	89867829	89926062	NAALAD2	160	1	0.006250
11	89933595	89956532	CHORDC1	159	1	0.006289
11	93394846	93463524	CEP295	158	7	0.044304
11	98891677	100229616	CNTN5	149	45	0.302013
11	100554890	100558686	LOC100128386	160	63	0.393750
11	100558017	100864672	ARHGAP42	160	92	0.575000
11	100900353	101000544	PGR	160	6	0.037500
11	101918166	101955291	CFAP300	160	0	0.000000
11	102582525	102595685	MMP8	160	0	0.000000
11	102733465	102745712	MMP12	160	11	0.068750
11	102980153	103350591	DYNC2H1	160	1	0.006250
11	107197069	107328572	CWF19L2	160	0	0.000000
11	107373451	107436461	ALKBH8	160	0	0.000000
11	111116448	111157126	C11orf53	160	0	0.000000
11	111473171	111601579	SIK2	160	0	0.000000
11	111652917	111742305	ALG9	160	0	0.000000
11	111779286	111794464	CRYAB	160	0	0.000000
11	111783458	111797595	HSPB2-C11orf52	160	0	0.000000
11	111789635	111797595	C11orf52	160	0	0.000000
11	111797866	111893377	DIXDC1	160	0	0.000000
11	111896130	111935128	DLAT	159	0	0.000000
11	111934732	111944895	PIH1D2	160	0	0.000000
11	113185303	113244019	TTC12	150	2	0.013333
11	116644513	116658739	ZPR1	160	0	0.000000
11	116706831	116726445	APOA1-AS	155	11	0.070968
11	116714124	116969144	SIK3	155	11	0.070968
11	117049457	117068158	SIDT2	160	18	0.112500
11	117192492	117283982	CEP164	160	0	0.000000
11	118064438	118095726	JAML	160	6	0.037500
11	118307203	118397547	KMT2A	160	2	0.012500
11	118443100	118473748	ARCN1	160	4	0.025000
11	118477149	118528738	PHLDB1	160	12	0.075000
11	118618470	118661873	DDX6	160	41	0.256250
11	118967218	118972563	DPAGT1	157	6	0.038217
11	119019760	119033375	ABCG4	156	6	0.038462
11	119039041	119054725	NLRX1	160	7	0.043750
11	119056182	119060922	PDZD3	160	8	0.050000
11	119060345	119066551	CCDC153	160	8	0.050000
11	119205235	119208019	RNF26	160	4	0.025000
11	120207120	120360646	ARHGEF12	155	19	0.122581
11	122940578	123065956	CLMP	160	39	0.243750
11	124617368	124622151	VSIG2	160	1	0.006250
11	124753585	124767761	ROBO4	160	1	0.006250
11	124824096	124911385	CCDC15	159	1	0.006289
11	125104931	125303285	PKNOX2	158	0	0.000000
chr	posStart	posEnd	geneName	totSamples	NeanSamples	PropNean
12	1901127	2027818	CACNA2D4	160	1	0.006250
12	7074488	7079916	PHB2	160	4	0.025000
12	7080074	7105520	EMG1	160	4	0.025000
12	7085345	7125780	LPCAT3	160	4	0.025000
12	7247148	7261810	C1RL	152	3	0.019737
12	7260902	7274447	C1RL-AS1	158	3	0.018987
12	7282965	7311541	CLSTN3	160	3	0.018750
12	10851686	10875922	YBX3	160	8	0.050000
12	12510010	12624167	BORCS5	160	56	0.350000
12	12626214	12715797	DUSP16	160	49	0.306250
12	14518564	14655869	ATF7IP	160	0	0.000000
12	14765564	14849533	GUCY2C	160	4	0.025000
12	15033796	15038788	MGP	160	8	0.050000
12	15773066	15942322	EPS8	155	9	0.058065
12	16500074	16530126	MGST1	158	21	0.132911
12	18836112	18890946	PLCZ1	160	0	0.000000
12	19282665	19529334	PLEKHA5	160	0	0.000000
12	20522177	20837041	PDE3A	154	0	0.000000
12	21417532	21548371	SLCO1A2	160	0	0.000000
12	22346323	22487648	ST8SIA1	160	10	0.062500
12	25261221	25348094	CASC1	159	31	0.194969
12	25629014	25801512	LMNTD1	160	5	0.031250
12	26488283	26986127	ITPR2	160	9	0.056250
12	27175453	27183606	MED21	159	7	0.044025
12	27397217	27478892	STK38L	160	9	0.056250
12	27619741	27655118	SMCO2	160	0	0.000000
12	29302209	29488549	FAR2	160	23	0.143750
12	29490283	29534105	ERGIC2	160	21	0.131250
12	29653744	29937692	TMTC1	155	7	0.045161
12	31535155	31744070	DENND5B	160	4	0.025000
12	32259739	32536567	BICD1	160	0	0.000000
12	32832132	32898584	DNM1L	160	0	0.000000
12	32899476	32908831	YARS2	160	0	0.000000
12	33527171	33592754	SYT10	160	0	0.000000
12	39046003	39299393	CPNE8	160	1	0.006250
12	39687028	39836922	KIF21A	155	0	0.000000
12	39943833	40013605	ABCD2	160	0	0.000000
12	40148825	40499883	SLC2A13	160	4	0.025000
12	40618797	40763087	LRRK2	159	10	0.062893
12	40787194	40964559	MUC19	160	10	0.062500
12	42850557	42983548	PRICKLE1	160	27	0.168750
12	43747667	43946006	ADAMTS20	160	34	0.212500
12	44152745	44183346	IRAK4	154	12	0.077922
12	45456399	45459194	RACGAP1P	160	56	0.350000
12	46751969	46766556	SLC38A2	160	4	0.025000
12	48103515	48119273	ENDOU	159	1	0.006289
12	48128144	48152663	RAPGEF3	160	1	0.006250
12	48722761	48724062	H1-7	158	0	0.000000
12	53083408	53097308	KRT77	160	41	0.256250
12	53662081	53687422	ESPL1	160	0	0.000000
12	55341797	55378546	TESPA1	160	12	0.075000
12	56078350	56106192	ITGA7	160	2	0.012500
12	56146245	56211540	SARNP	160	3	0.018750
12	56211823	56215663	ORMDL2	160	3	0.018750
12	56229215	56236720	MMP19	160	3	0.018750
12	56810145	56843210	TIMELESS	160	1	0.006250
12	57489189	57505145	STAT6	160	3	0.018750
12	57522264	57607144	LRP1	157	11	0.070064
12	57881849	57910435	MARS1	160	7	0.043750
12	57923831	57941114	DCTN2	160	0	0.000000
12	57998605	58003585	DTX3	160	25	0.156250
12	58141508	58146093	CDK4	160	2	0.012500
12	58156115	58160861	CYP27B1	160	2	0.012500
12	58176526	58196639	TSFM	160	2	0.012500
12	58191157	58209852	AVIL	160	2	0.012500
12	59265935	59314319	LRIG3	158	12	0.075949
12	59989808	60183622	SLC16A7	160	2	0.012500
12	66696271	66737423	HELB	159	19	0.119497
12	66741209	67198049	GRIP1	160	17	0.106250
12	69979237	69995350	CCT2	160	0	0.000000
12	70037286	70093196	BEST3	160	0	0.000000
12	70132638	70216984	RAB3IP	159	0	0.000000
12	70909648	71031209	PTPRB	160	0	0.000000
12	72666527	73059422	TRHDE	160	6	0.037500
12	78224672	78606790	NAV3	160	10	0.062500
12	96260824	96336392	CCDC38	160	10	0.062500
12	96883353	97269333	CFAP54	160	34	0.212500
12	97301033	97347558	NEDD1	156	30	0.192308
12	98847616	98850923	SLC9A7P1	160	67	0.418750
12	99039066	99129211	APAF1	160	76	0.475000
12	100593863	100618202	ACTR6	160	14	0.087500
12	100597445	100660857	DEPDC4	160	14	0.087500
12	100967460	101022066	GAS2L3	160	6	0.037500
12	101188552	101522419	ANO4	160	7	0.043750
12	101673881	101780396	UTP20	160	25	0.156250
12	102139275	102224737	GNPTAB	160	81	0.506250
12	102789650	102874341	IGF1	158	50	0.316456
12	103631367	103889788	C12orf42	160	69	0.431250
12	104324186	104341704	HSP90B1	160	82	0.512500
12	104359580	104382656	TDG	154	63	0.409091
12	104382759	104457955	GLT8D2	159	79	0.496855
12	105501507	105562908	WASHC4	160	33	0.206250
12	105567073	105630008	APPL2	160	33	0.206250
12	105724467	105765296	C12orf75	160	0	0.000000
12	106696509	106740781	TCP11L2	153	1	0.006536
12	106751524	106903976	POLR3B	160	4	0.025000
12	107385140	107487327	CRY1	158	5	0.031646
12	107712209	108053419	BTBD11	160	0	0.000000
12	113796390	113829434	PLBD2	160	23	0.143750
12	117890815	118406795	KSR2	159	5	0.031447
12	120972157	121015391	RNF10	160	6	0.037500
12	121078420	121105127	CABP1	160	2	0.012500
12	121438287	121454290	C12orf43	160	2	0.012500
12	121570677	121625835	P2RX7	160	13	0.081250
12	121647930	121671909	P2RX4	160	19	0.118750
12	122242628	122270562	SETD1B	160	1	0.006250
12	122516660	122631891	MLXIP	160	1	0.006250
12	130822430	130857182	PIWIL1	160	22	0.137500
12	130880676	131200850	RIMBP2	160	16	0.100000
12	132413819	132430441	PUS1	160	8	0.050000
12	132434485	132565005	EP400	160	7	0.043750
12	133200346	133263928	POLE	160	35	0.218750
chr	posStart	posEnd	geneName	totSamples	NeanSamples	PropNean
13	25338305	25454059	RNF17	160	28	0.175000
13	25875761	25916559	NUP58	160	29	0.181250
13	25946110	26599989	ATP8A2	160	0	0.000000
13	27825690	27830705	RPL21	160	0	0.000000
13	31709108	31736525	HSPH1	160	4	0.025000
13	35516422	36246874	NBEA	160	0	0.000000
13	36342787	36706076	DCLK1	160	0	0.000000
13	41129802	41240778	FOXO1	160	7	0.043750
13	41506053	41635522	ELF1	160	17	0.106250
13	41635643	41658142	WBP4	157	15	0.095541
13	42140969	42535245	VWA8	160	9	0.056250
13	42846286	42897397	AKAP11	160	8	0.050000
13	51935711	52027172	INTS6	160	22	0.137500
13	66876964	67804468	PCDH9	157	27	0.171975
13	73326305	73356038	DIS3	160	0	0.000000
13	73356269	73590599	PIBF1	160	1	0.006250
13	77579393	77601294	FBXL3	160	15	0.093750
13	77618790	77901229	MYCBP2	160	13	0.081250
13	78109807	78219398	SCEL	160	56	0.350000
13	78393070	78482577	EDNRB-AS1	160	9	0.056250
13	78469614	78549662	EDNRB	160	9	0.056250
13	95672081	95953705	ABCC4	158	0	0.000000
13	99336053	99404926	SLC15A1	160	0	0.000000
13	99445681	99738948	DOCK9	160	0	0.000000
13	108870738	108886591	ABHD13	160	31	0.193750
13	109248251	109860353	MYO16	160	53	0.331250
13	113301356	113338811	ATP11AUN	160	3	0.018750
13	113623526	113754056	MCF2L	160	19	0.118750
chr	posStart	posEnd	geneName	totSamples	NeanSamples	PropNean
14	20754384	20774110	TTC5	160	0	0.000000
14	24028774	24037000	AP1G2	160	5	0.031250
14	24030304	24037285	LOC102724814	160	5	0.031250
14	24037245	24047999	JPH4	159	5	0.031447
14	31760992	31889756	HEATR5A	160	4	0.025000
14	42076057	42373752	LRFN5	160	0	0.000000
14	45431391	45543634	TOGARAM1	160	2	0.012500
14	45553317	45585485	PRPF39	160	2	0.012500
14	45584800	45603684	FKBP3	160	2	0.012500
14	45605131	45670093	FANCM	160	12	0.075000
14	45672391	45722405	MIS18BP1	160	12	0.075000
14	50110268	50155098	POLE2	160	5	0.031250
14	50159836	50219868	KLHDC1	160	5	0.031250
14	50248799	50319921	NEMF	160	5	0.031250
14	50474029	50571761	LINC01599	160	3	0.018750
14	50575353	50583290	VCPKMT	160	3	0.018750
14	50792981	50864016	CDKL1	159	0	0.000000
14	51441977	51562422	TRIM9	160	4	0.025000
14	51955844	52197445	FRMD6	160	1	0.006250
14	52897306	53019301	TXNDC16	160	5	0.031250
14	53173916	53195308	PSMC6	160	8	0.050000
14	53196882	53241707	STYX	159	8	0.050314
14	53323987	53417815	FERMT2	160	13	0.081250
14	55595968	55612148	LGALS3	160	0	0.000000
14	55614851	55658303	DLGAP5	160	0	0.000000
14	55738137	55820329	FBXO34	160	1	0.006250
14	55880926	55907263	TBPL2	160	1	0.006250
14	56046923	56151302	KTN1	160	5	0.031250
14	57046514	57116233	TMEM260	160	28	0.175000
14	58894101	59018015	KIAA0586	160	2	0.012500
14	59655383	59838123	DAAM1	160	5	0.031250
14	59951159	59972128	JKAMP	160	2	0.012500
14	60062692	60337494	RTN1	160	1	0.006250
14	60558627	60614939	PCNX4	160	23	0.143750
14	60610835	60636582	DHRS7	160	23	0.143750
14	61447830	61550451	SLC38A6	160	9	0.056250
14	62162229	62214977	HIF1A	160	4	0.025000
14	62182274	62217815	HIF1A-AS3	160	4	0.025000
14	64319681	64693167	SYNE2	160	7	0.043750
14	64855069	64926743	MTHFD1	160	7	0.043750
14	64915822	64971931	ZBTB25	160	7	0.043750
14	64932215	64941221	AKAP5	160	7	0.043750
14	68213237	68283307	ZFYVE26	160	22	0.137500
14	70242131	70263958	SLC10A1	160	2	0.012500
14	70510930	70655787	SLC8A3	160	0	0.000000
14	71374174	71582099	PCNX1	160	1	0.006250
14	73086002	73360824	DPF3	160	1	0.006250
14	73393170	73428775	DCAF4	160	3	0.018750
14	73704212	73741331	PAPLN	160	5	0.031250
14	74318532	74352429	PTGR2	160	20	0.125000
14	74353560	74399224	ZNF410	160	20	0.125000
14	74486050	74532795	BBOF1	160	17	0.106250
14	74523548	74551156	ALDH6A1	158	14	0.088608
14	77490884	77495051	IRF2BPL	160	2	0.012500
14	77564599	77583630	CIPC	160	13	0.081250
14	77787377	77797940	GSTZ1	159	1	0.006289
14	77893016	77923983	VIPAS39	160	0	0.000000
14	78636714	80334634	NRXN3	160	9	0.056250
14	80962819	81408082	CEP128	159	0	0.000000
14	81421963	81612650	TSHR	152	1	0.006579
14	81937889	82000205	SEL1L	160	2	0.012500
14	88851986	88904804	SPATA7	160	9	0.056250
14	89029379	89093940	ZC3H14	160	8	0.050000
14	89078773	89259297	EML5	160	8	0.050000
14	89290495	89347423	TTC8	156	8	0.051282
14	91737665	91884164	CCDC88C	160	5	0.031250
14	92432333	92506403	TRIP11	158	24	0.151899
14	92588311	92638489	CPSF2	160	44	0.275000
14	92788923	92967825	SLC24A4	155	12	0.077419
14	93260648	93306292	GOLGA5	160	15	0.093750
14	93703894	93799382	BTBD7	158	0	0.000000
14	93799526	94174222	UNC79	160	0	0.000000
14	94640647	94746072	PPP4R4	160	3	0.018750
14	94770583	94789673	SERPINA6	160	0	0.000000
14	95552563	95624347	DICER1	160	0	0.000000
14	100150633	100193638	CYP46A1	151	1	0.006623
14	100437757	100610573	EVL	160	4	0.025000
14	100610292	100625982	DEGS2	160	4	0.025000
14	100800125	100842664	WARS1	160	1	0.006250
14	102829276	102968814	TECPR2	154	4	0.025974
14	103398715	103523886	CDC42BPB	160	5	0.031250
14	103851699	103970168	MARK3	160	5	0.031250
14	104394791	104519004	TDRD9	160	21	0.131250
14	105675621	105781914	BRF1	151	1	0.006623
chr	posStart	posEnd	geneName	totSamples	NeanSamples	PropNean
15	33603166	34158322	RYR3	160	1	0.006250
15	35663079	35838366	DPH6	160	13	0.081250
15	40091207	40212467	GPR176	160	1	0.006250
15	40226314	40327792	EIF2AK4	160	3	0.018750
15	40674920	40686489	KNSTRN	160	3	0.018750
15	41099285	41107282	ZFYVE19	160	2	0.012500
15	41221536	41231271	DLL4	160	0	0.000000
15	41245667	41248710	CHAC1	160	0	0.000000
15	41271076	41408478	INO80	160	0	0.000000
15	41809372	41836455	RPAP1	160	0	0.000000
15	42140342	42186251	SPTBN5	160	3	0.018750
15	42188129	42264755	EHD4	153	0	0.000000
15	51739917	51914968	DMXL2	160	19	0.118750
15	51973548	52013223	SCG3	159	18	0.113208
15	52121848	52207922	TMOD3	160	4	0.025000
15	52407295	52483589	GNB5	160	13	0.081250
15	52472221	52498076	CERNA1	160	13	0.081250
15	52484517	52588001	MYO5C	160	13	0.081250
15	52599478	52821247	MYO5A	160	2	0.012500
15	53805936	54055075	WDR72	160	17	0.106250
15	54270636	54925638	UNC13C	160	35	0.218750
15	55647419	55700708	CCPG1	160	2	0.012500
15	55647419	55790782	DNAAF4-CCPG1	160	2	0.012500
15	55903740	56035350	PRTG	160	2	0.012500
15	56119113	56285810	NEDD4	160	3	0.018750
15	56657620	56738195	TEX9	160	0	0.000000
15	56720920	56757335	MNS1	160	0	0.000000
15	56922372	57026284	ZNF280D	158	1	0.006329
15	57884100	58009755	GCOM1	160	0	0.000000
15	57998717	58009755	POLR2M	160	0	0.000000
15	62939508	63136830	TLN2	160	2	0.012500
15	63613575	63674309	CA12	156	1	0.006410
15	63900815	64126147	HERC1	160	7	0.043750
15	64457722	64648372	CSNK1G1	160	0	0.000000
15	65204099	65251033	ANKDD1A	154	0	0.000000
15	65440555	65477680	CLPX	160	1	0.006250
15	65673820	65715285	IGDCC4	160	2	0.012500
15	65734803	65810027	DPP8	160	2	0.012500
15	65822799	65870687	HACD3	160	1	0.006250
15	66187632	66546075	MEGF11	155	0	0.000000
15	68588868	68724502	ITGA11	159	0	0.000000
15	70340127	70390256	TLE3	160	53	0.331250
15	75074419	75095539	CSK	160	2	0.012500
15	78832745	78844759	PSMA4	160	74	0.462500
15	78857860	78887611	CHRNA5	160	77	0.481250
15	78885392	78913338	CHRNA3	160	77	0.481250
15	80135887	80189627	MTHFS	160	66	0.412500
15	80135887	80215448	ST20-MTHFS	160	66	0.412500
15	80191182	80216094	ST20	154	35	0.227273
15	80696722	80890274	ARNT2	160	11	0.068750
15	84322873	84708594	ADAMTSL3	160	43	0.268750
15	85359909	85416713	ALPK3	160	46	0.287500
15	85523696	85682373	PDE8A	160	13	0.081250
15	85923832	86292589	AKAP13	160	12	0.075000
15	89859534	89878055	POLG	160	6	0.037500
15	90014636	90039814	RHCG	158	17	0.107595
15	90544554	90625423	ZNF710	158	5	0.031646
15	90931472	91045471	IQGAP1	160	39	0.243750
15	91498104	91506355	RCCD1	154	2	0.012987
15	91509268	91537765	PRC1	160	3	0.018750
15	91509597	91531854	PRC1-AS1	160	3	0.018750
15	91541644	91565851	VPS33B	156	1	0.006410
15	93443552	93571226	CHD2	160	5	0.031250
15	101459560	101618462	LRRK1	160	3	0.018750
15	101715930	101792253	CHSY1	160	14	0.087500
chr	posStart	posEnd	geneName	totSamples	NeanSamples	PropNean
16	3551002	3589048	CLUAP1	160	16	0.100000
16	3589031	3627404	NLRC3	160	16	0.100000
16	3631180	3661607	SLX4	156	14	0.089744
16	3702938	3708096	DNASE1	160	15	0.093750
16	3775053	3930714	CREBBP	160	9	0.056250
16	4746509	4784378	ANKS3	160	2	0.012500
16	4784536	4799397	C16orf71	160	2	0.012500
16	4798238	4817163	ZNF500	160	2	0.012500
16	20944431	21170762	DNAH3	160	6	0.037500
16	21208771	21225831	ZP2	159	0	0.000000
16	22217597	22300059	EEF2K	160	3	0.018750
16	22308694	22346424	POLR3E	160	3	0.018750
16	28109295	28223286	XPO6	153	1	0.006536
16	53737873	54155853	FTO	158	1	0.006329
16	55542982	55620578	LPCAT2	158	10	0.063291
16	56395362	56459457	AMFR	160	10	0.062500
16	57496589	57505921	POLR2C	160	28	0.175000
16	58191809	58232010	CSNK2A2	160	0	0.000000
16	58283838	58317740	CCDC113	160	17	0.106250
16	74481336	74641012	GLG1	160	1	0.006250
16	74705751	74734760	MLKL	159	1	0.006289
16	75505938	75529339	CHST6	160	0	0.000000
16	76311297	76594654	CNTNAP4	160	56	0.350000
16	77316023	77468931	ADAMTS18	160	57	0.356250
16	86612153	86617084	FOXL1	160	0	0.000000
16	88922626	88929094	TRAPPC2L	160	0	0.000000
chr	posStart	posEnd	geneName	totSamples	NeanSamples	PropNean
17	900367	906911	TIMM22	160	10	0.062500
17	3343303	3417146	SPATA22	160	1	0.006250
17	3377402	3406699	ASPA	160	1	0.006250
17	3617920	3704482	ITGAE	160	3	0.018750
17	3907737	4046324	ZZEF1	160	3	0.018750
17	4573067	4607432	PELP1	160	0	0.000000
17	4613925	4624792	ARRB2	160	0	0.000000
17	6701310	6735048	TEKT1	156	16	0.102564
17	10286447	10528857	MYHAS	160	2	0.012500
17	10293637	10325267	MYH8	160	2	0.012500
17	10346605	10372876	MYH4	160	2	0.012500
17	10395622	10421859	MYH1	160	2	0.012500
17	10424463	10452975	MYH2	160	2	0.012500
17	10614451	10633646	TMEM220	160	3	0.018750
17	12569205	12672266	MYOCD	159	26	0.163522
17	12575177	12609452	MYOCD-AS1	155	21	0.135484
17	13972819	14111994	COX10	160	39	0.243750
17	19807613	19881169	AKAP10	160	30	0.187500
17	25621138	25642952	WSB1	160	0	0.000000
17	33474834	33516364	UNC45B	160	8	0.050000
17	33901812	33905590	PEX12	160	60	0.375000
17	36956685	36981603	CWC25	160	3	0.018750
17	37092683	37123656	FBXO47	160	36	0.225000
17	37213270	37237704	RDM1P5	160	35	0.218750
17	37219564	37307890	PLXDC1	160	43	0.268750
17	71228570	71245098	C17orf80	160	6	0.037500
17	72209708	72258159	TTYH2	160	7	0.043750
17	72667268	72743474	RAB37	160	3	0.018750
17	72690454	72709062	CD300LF	160	3	0.018750
17	75084765	75213183	SEC14L1	160	2	0.012500
17	76000316	76104916	TNRC6C	160	4	0.025000
17	76670127	76778424	CYTH1	160	40	0.250000
17	76791732	76836609	USP36	160	42	0.262500
chr	posStart	posEnd	geneName	totSamples	NeanSamples	PropNean
18	5289016	5297052	ZBTB14	160	0	0.000000
18	29200997	29264708	B4GALT6	160	2	0.012500
18	43660212	43684199	ATP5F1A	159	2	0.012579
18	44056922	44236996	LOXHD1	160	14	0.087500
18	44383179	44500108	PIAS2	160	3	0.018750
18	44497555	44628614	KATNAL2	160	3	0.018750
18	48556581	48611412	SMAD4	160	10	0.062500
18	49866565	51062269	DCC	160	6	0.037500
18	51795847	51847636	POLI	160	2	0.012500
18	52495706	52562747	RAB27B	160	2	0.012500
18	54318614	54697036	WDR7	156	13	0.083333
18	55313656	55470547	ATP8B1	160	21	0.131250
18	59708395	59854289	PIGN	160	2	0.012500
18	59854486	59977482	RELCH	160	0	0.000000
18	59992518	60058521	TNFRSF11A	159	0	0.000000
18	60190256	60253962	ZCCHC2	160	1	0.006250
18	66340923	66382410	TMX3	160	6	0.037500
18	66382451	66722426	CCDC102B	160	26	0.162500
18	67520508	67624035	CD226	160	25	0.156250
18	67670265	67872923	RTTN	160	1	0.006250
18	71740601	71815069	FBXO15	160	56	0.350000
18	72163596	72190689	CNDP2	160	3	0.018750
18	74534561	74682683	ZNF236	160	4	0.025000
18	76740273	76758969	SALL3	160	1	0.006250
chr	posStart	posEnd	geneName	totSamples	NeanSamples	PropNean
19	5978412	6020374	LOC100128568	160	15	0.093750
19	5993173	6110511	RFX2	160	15	0.093750
19	7694677	7696842	PET100	160	7	0.043750
19	7696499	7698605	PCP2	160	7	0.043750
19	7701994	7712759	STXBP2	149	4	0.026846
19	8023455	8070525	ELAVL1	160	1	0.006250
19	8807748	8809145	ACTL9	160	7	0.043750
19	10216897	10222688	PPAN	160	9	0.056250
19	10217036	10226048	PPAN-P2RY11	160	9	0.056250
19	10244020	10305629	DNMT1	160	8	0.050000
19	10420719	10426691	FDX2	160	19	0.118750
19	10426886	10444205	RAVER1	160	20	0.125000
19	10444450	10450300	ICAM3	160	16	0.100000
19	16296219	16302857	FAM32A	160	1	0.006250
19	16308720	16356717	AP1M1	160	1	0.006250
19	30302896	30315219	CCNE1	160	41	0.256250
19	33087910	33166086	ANKRD27	160	39	0.243750
19	33321415	33360673	SLC7A9	160	35	0.218750
19	33366829	33462864	CEP89	160	36	0.225000
19	34663407	34720420	LSM14A	160	2	0.012500
19	35447256	35455133	ZNF792	160	6	0.037500
19	38039849	38078249	ZNF571-AS1	155	8	0.051613
19	38042274	38105080	ZNF540	160	17	0.106250
19	38055153	38085693	ZNF571	155	8	0.051613
19	38121905	38147162	ZFP30	160	16	0.100000
19	38794196	38806587	YIF1B	160	13	0.081250
19	38899696	38916945	RASGRP4	153	7	0.045752
19	39138287	39222229	ACTN4	159	2	0.012579
19	39220830	39235114	CAPN12	160	2	0.012500
19	39358468	39368915	RINL	160	3	0.018750
19	45578883	45594776	GEMIN7	160	0	0.000000
19	45588585	45593649	GEMIN7-AS1	160	0	0.000000
19	53665675	53696611	ZNF665	160	1	0.006250
19	56347904	56393221	NLRP4	160	8	0.050000
19	56879466	56891197	ZNF542P	153	10	0.065359
chr	posStart	posEnd	geneName	totSamples	NeanSamples	PropNean
1	2985765	3355185	PRDM16	160	4	0.025000
1	3371227	3397677	ARHGEF16	146	32	0.219178
1	3404513	3528072	MEGF6	160	32	0.200000
1	3541577	3546691	TPRG1L	160	64	0.400000
1	3547332	3566667	WRAP73	160	64	0.400000
1	9711787	9789172	PIK3CD	160	9	0.056250
1	9788982	9884584	CLSTN1	160	9	0.056250
1	11866151	11903201	CLCN6	160	2	0.012500
1	11900374	11907673	NPPA-AS1	160	3	0.018750
1	11905764	11907840	NPPA	160	3	0.018750
1	11994772	12035594	PLOD1	160	4	0.025000
1	12290085	12572099	VPS13D	160	4	0.025000
1	14026681	14151574	PRDM2	160	2	0.012500
1	15479026	15546974	TMEM51	160	16	0.100000
1	15490690	15498120	C1orf195	160	16	0.100000
1	16010813	16061264	PLEKHM2	156	5	0.032051
1	16066544	16076385	SLC25A34-AS1	160	4	0.025000
1	16068992	16074477	TMEM82	160	4	0.025000
1	19401002	19536760	UBR4	160	16	0.100000
1	19665267	19812033	CAPZB	160	47	0.293750
1	20008704	20126409	TMCO4	160	18	0.112500
1	22778342	22857650	ZBTB40	160	12	0.075000
1	31732413	31769635	SNRNP40	160	48	0.300000
1	32117862	32169618	COL16A1	160	9	0.056250
1	33207429	33240571	KIAA1522	160	55	0.343750
1	35734308	35887659	ZMYM4	160	0	0.000000
1	35899091	36023004	KIAA0319L	160	0	0.000000
1	36023391	36032380	NCDN	157	0	0.000000
1	36602168	36621654	TRAPPC3	155	4	0.025806
1	37940179	37949978	ZC3H12A	160	2	0.012500
1	38032411	38061586	GNL2	160	2	0.012500
1	38478404	38490492	UTP11	160	2	0.012500
1	39328160	39339050	MYCBP	160	36	0.225000
1	39328160	39347298	GJA9-MYCBP	160	36	0.225000
1	39339071	39341898	LOC105378663	160	36	0.225000
1	39339739	39347259	GJA9	160	36	0.225000
1	39351477	39407502	RHBDL2	155	28	0.180645
1	40303780	40349183	TRIT1	159	46	0.289308
1	40627057	40706593	RLF	160	5	0.031250
1	40766159	40782958	COL9A2	160	6	0.037500
1	40915734	40929387	ZFP69B	152	35	0.230263
1	40942960	40962015	ZFP69	160	28	0.175000
1	40997307	41013839	ZNF684	160	27	0.168750
1	41157374	41237275	NFYC	160	0	0.000000
1	41492869	41707978	SCMH1	160	24	0.150000
1	43766651	43788779	TIE1	160	4	0.025000
1	43803487	43820137	MPL	159	6	0.037736
1	44870830	45117396	RNF220	160	2	0.012500
1	45316192	45452394	EIF2B3	160	1	0.006250
1	45468218	45476996	HECTD3	160	0	0.000000
1	45794912	45806142	MUTYH	160	6	0.037500
1	45805840	45809645	TOE1	160	6	0.037500
1	46016453	46035723	AKR1A1	160	7	0.043750
1	46049658	46084578	NASP	160	7	0.043750
1	46092974	46152205	GPBP1L1	160	8	0.050000
1	46159994	46216485	IPP	160	8	0.050000
1	47137524	47139266	TEX38	160	11	0.068750
1	47139706	47157770	EFCAB14-AS1	160	8	0.050000
1	47140829	47184786	EFCAB14	160	8	0.050000
1	48761042	48937880	SPATA6	160	3	0.018750
1	48998524	50489626	AGBL4	160	2	0.012500
1	52485801	52521843	TXNDC12	160	10	0.062500
1	52607759	52812358	ZFYVE9	160	8	0.050000
1	52888945	53018764	TUT4	159	8	0.050314
1	53308430	53360670	ZYG11A	160	52	0.325000
1	53361580	53387446	ECHDC2	155	45	0.290323
1	53679769	53686311	CZIB	160	0	0.000000
1	54317404	54355470	YIPF1	160	29	0.181250
1	54665838	54691162	MRPL37	160	3	0.018750
1	55505219	55530526	PCSK9	160	7	0.043750
1	55532030	55681037	USP24	160	8	0.050000
1	57110985	57181008	PRKAA2	160	32	0.200000
1	58946389	59012398	OMA1	160	41	0.256250
1	60280619	60341994	HOOK1	160	10	0.062500
1	84864213	84880691	DNASE2B	160	0	0.000000
1	84944947	84964035	RPF1	160	0	0.000000
1	85093911	85100703	LINC01555	160	3	0.018750
1	85109387	85156151	SSX2IP	160	3	0.018750
1	85483763	85514223	MCOLN3	160	2	0.012500
1	85527979	85598821	WDR63	160	43	0.268750
1	85622570	85666699	SYDE2	160	58	0.362500
1	85715634	85725345	C1orf52	160	38	0.237500
1	85784166	86043883	DDAH1	158	29	0.183544
1	86115098	86174116	ZNHIT6	160	9	0.056250
1	86194914	86622667	COL24A1	160	28	0.175000
1	86812505	86862025	ODF2L	160	33	0.206250
1	86889852	86922236	CLCA2	160	32	0.200000
1	119425668	119532133	TBX15	154	1	0.006494
1	150937647	150947479	CERS2	160	0	0.000000
1	152078791	152087930	TCHH	160	0	0.000000
1	152483277	152484653	LCE5A	160	3	0.018750
1	153028594	153029988	SPRR2A	160	15	0.093750
1	153232161	153234600	LOR	158	10	0.063291
1	159253676	159278014	FCER1A	160	18	0.112500
1	159770300	159786047	FCRL6	160	7	0.043750
1	159921280	159924027	SLAMF9	160	3	0.018750
1	160175172	160185162	PEA15	160	11	0.068750
1	160246597	160254941	PEX19	160	11	0.068750
1	160258382	160313040	COPA	160	12	0.075000
1	160577888	160617101	SLAMF1	160	9	0.056250
1	160708845	160724611	SLAMF7	160	16	0.100000
1	160765962	160798045	LY9	151	0	0.000000
1	161677017	161684142	FCRLA	160	12	0.075000
1	162600651	162757195	DDR2	158	11	0.069620
1	163291742	163325549	NUF2	159	0	0.000000
1	166025153	166136238	FAM78B	160	40	0.250000
1	169101766	169337201	NME7	158	11	0.069620
1	169558085	169599362	SELP	160	4	0.025000
1	169763869	169823221	C1orf112	160	9	0.056250
1	169890468	170043879	KIFAP3	160	5	0.031250
1	175284328	175712731	TNR	160	45	0.281250
1	178994937	179045709	FAM20B	160	0	0.000000
1	179068463	179198819	ABL2	151	0	0.000000
1	179923943	180084010	CEP350	160	4	0.025000
1	183155397	183214262	LAMC2	160	14	0.087500
1	183441632	183523326	SMG7	160	0	0.000000
1	183524695	183560049	NCF2	160	3	0.018750
1	184659369	184723992	EDEM3	160	9	0.056250
1	185265518	185286375	IVNS1ABP	160	29	0.181250
1	186265403	186283699	PRG4	160	4	0.025000
1	186280782	186344385	TPR	160	4	0.025000
1	186344888	186390507	ODR4	160	4	0.025000
1	186640921	186649555	PTGS2	160	4	0.025000
1	186798030	186958113	PLA2G4A	160	0	0.000000
1	192778167	192781405	RGS2	160	11	0.068750
1	196194907	196577570	KCNT2	160	8	0.050000
1	197008319	197036397	F13B	160	12	0.075000
1	197053255	197115824	ASPM	160	12	0.075000
1	197170632	197447585	CRB1	160	12	0.075000
1	197473876	197744610	DENND1B	160	12	0.075000
1	198608096	198726605	PTPRC	160	0	0.000000
1	202163116	202288889	LGR6	160	1	0.006250
1	203096852	203136533	ADORA1	160	12	0.075000
1	203309754	203320250	FMOD	150	1	0.006667
1	203444932	203460480	PRELP	160	8	0.050000
1	203463279	203478077	OPTC	160	8	0.050000
1	203595913	203713209	ATP2B4	160	7	0.043750
1	204797778	204991950	NFASC	160	1	0.006250
1	205271189	205290873	NUAK2	154	0	0.000000
1	205342378	205356568	LEMD1-AS1	160	30	0.187500
1	205350504	205391184	LEMD1	160	30	0.187500
1	205473795	205501918	CDK18	160	10	0.062500
1	205538140	205572046	MFSD4A	160	0	0.000000
1	205882174	205912588	SLC26A9	160	0	0.000000
1	207070786	207077484	IL24	160	4	0.025000
1	207131310	207143970	FCAMR	160	15	0.093750
1	207191865	207206101	C1orf116	160	1	0.006250
1	207226618	207254372	PFKFB2	160	1	0.006250
1	207262203	207273338	C4BPB	160	0	0.000000
1	208054315	208084470	CD34	160	5	0.031250
1	208195585	208417729	PLXNA2	160	41	0.256250
1	209958960	209979520	IRF6	160	108	0.675000
1	210851654	211307490	KCNH1	160	24	0.150000
1	211499955	211548288	TRAF5	160	0	0.000000
1	213031615	213072705	FLVCR1	160	4	0.025000
1	214454500	214510474	SMYD2	160	0	0.000000
1	214522041	214724945	PTPN14	160	100	0.625000
1	214776536	214837914	CENPF	157	7	0.044586
1	215178883	215410433	KCNK2	160	4	0.025000
1	215740645	215795149	KCTD3	160	5	0.031250
1	215796231	216596790	USH2A	160	103	0.643750
1	216676586	217311044	ESRRG	160	57	0.356250
1	217804684	218045038	SPATA17	160	2	0.012500
1	220141940	220219847	EPRS1	160	28	0.175000
1	220701476	220837803	MARK1	160	3	0.018750
1	220960253	220993001	MTARC1	160	15	0.093750
1	222731242	222763275	TAF1A	160	16	0.100000
1	222841353	222885833	AIDA	160	7	0.043750
1	223282744	223316590	TLR5	160	19	0.118750
1	223889293	223963720	CAPN2	160	27	0.168750
1	223967593	224033674	TP53BP2	160	22	0.137500
1	224301811	224349749	FBXO28	160	2	0.012500
1	225117354	225586988	DNAH14	160	2	0.012500
1	225589202	225616557	LBR	160	7	0.043750
1	225674529	225840825	ENAH	160	7	0.043750
1	227058271	227083804	PSEN2	160	23	0.143750
1	227127993	227175245	COQ8A	160	12	0.075000
1	227177557	227506193	CDC42BPA	160	12	0.075000
1	227915867	227968932	SNAP47	159	11	0.069182
1	228395743	228566575	OBSCN	160	7	0.043750
1	228698058	228699989	BTNL10	160	3	0.018750
1	231474037	231490769	SPRTN	160	2	0.012500
1	232533709	232651354	SIPA1L2	160	113	0.706250
1	233119179	233431471	PCNX2	157	17	0.108280
1	234527057	234614925	TARBP1	160	0	0.000000
1	242011491	242053241	EXO1	160	26	0.162500
chr	posStart	posEnd	geneName	totSamples	NeanSamples	PropNean
20	1184096	1188923	C20orf202	159	0	0.000000
20	2821341	2847378	VPS16	160	32	0.200000
20	2844839	3019315	PTPRA	160	33	0.206250
20	3189320	3208095	ITPA	160	1	0.006250
20	3667615	3693247	SIGLEC1	160	34	0.212500
20	9518030	9819724	PAK5	154	5	0.032468
20	10415951	10608678	SLX4IP	160	0	0.000000
20	13201919	13281298	ISM1	156	0	0.000000
20	13370034	13619583	TASP1	160	3	0.018750
20	13694967	13765579	ESF1	154	2	0.012987
20	13765670	13802226	NDUFAF5	160	2	0.012500
20	13829891	13975979	SEL1L2	160	1	0.006250
20	17474548	17549865	BFSP1	160	42	0.262500
20	31571579	31592239	SUN5	160	0	0.000000
20	36145817	36156333	BLCAP	160	19	0.118750
20	36149650	36152092	NNAT	160	19	0.118750
20	36322355	36500531	CTNNBL1	153	8	0.052288
20	39657460	39753127	TOP1	160	4	0.025000
20	39766181	39806266	PLCG1	160	4	0.025000
20	39807093	39928760	ZHX3	160	4	0.025000
20	39969459	39989222	LPIN3	160	4	0.025000
20	40030721	40247016	CHD6	160	16	0.100000
20	42824577	42839411	OSER1	160	22	0.137500
20	42984337	43063236	HNF4A	160	2	0.012500
20	44179789	44207923	WFDC8	152	0	0.000000
20	44402850	44420522	WFDC3	160	8	0.050000
20	44420591	44440057	DNTTIP1	160	8	0.050000
20	44441213	44445596	UBE2C	160	7	0.043750
20	44470358	44486031	ACOT8	155	0	0.000000
20	44486218	44507770	ZSWIM3	160	11	0.068750
20	44509864	44513905	ZSWIM1	160	11	0.068750
20	44637545	44645200	MMP9	160	5	0.031250
20	44650323	44688789	SLC12A5	160	5	0.031250
20	46130629	46285616	NCOA3	160	10	0.062500
20	47240788	47444536	PREX1	160	17	0.106250
20	48429248	48508779	SLC9A8	160	92	0.575000
20	48697659	48770335	TMEM189-UBE2V1	160	4	0.025000
20	48734789	48770335	TMEM189	160	4	0.025000
20	49202643	49308079	RIPOR3	160	0	0.000000
20	61436185	61445352	OGFR	160	1	0.006250
20	61509088	61569304	DIDO1	160	0	0.000000
20	61904135	61921142	ARFGAP1	160	3	0.018750
chr	posStart	posEnd	geneName	totSamples	NeanSamples	PropNean
21	31691440	31692633	KRTAP26-1	160	9	0.056250
21	31709329	31710012	KRTAP27-1	160	9	0.056250
21	33683327	33765321	URB1	160	6	0.037500
21	34876236	34915198	GART	160	1	0.006250
21	34915342	34949820	SON	160	1	0.006250
21	34961645	35014047	CRYZL1	160	1	0.006250
21	43218383	43299591	PRDM15	160	0	0.000000
21	43824009	43867794	UBASH3A	159	0	0.000000
21	46188493	46221735	UBE2G2	160	0	0.000000
21	47608358	47648738	LSS	160	0	0.000000
21	47649143	47671615	MCM3AP-AS1	160	0	0.000000
21	47655045	47705525	MCM3AP	160	0	0.000000
chr	posStart	posEnd	geneName	totSamples	NeanSamples	PropNean
22	17618408	17646177	HDHD5	160	50	0.312500
22	17840837	18037856	CECR2	160	15	0.093750
22	19023793	19109967	DGCR2	160	21	0.131250
22	19117790	19132164	ESS2	160	27	0.168750
22	19166984	19279242	CLTCL1	160	28	0.175000
22	19419423	19423601	MRPL40	160	20	0.125000
22	19437432	19466716	UFD1	160	20	0.125000
22	19466987	19508135	CDC45	160	21	0.131250
22	20067753	20099400	DGCR8	160	19	0.118750
22	20103625	20114878	RANBP1	160	19	0.118750
22	20119325	20135530	ZDHHC8	160	19	0.118750
22	21061977	21213100	PI4KA	160	15	0.093750
22	22311395	22337184	TOP3B	160	74	0.462500
22	24198888	24228499	SLC2A11	160	1	0.006250
22	24407752	24574596	CABIN1	160	4	0.025000
22	24666783	24813708	SPECC1L	160	0	0.000000
22	24666783	24838328	SPECC1L-ADORA2A	160	0	0.000000
22	25960640	26125261	GRK3	160	5	0.031250
22	26138153	26427011	MYO18B	160	15	0.093750
22	26565426	26779563	SEZ6L	160	23	0.143750
22	26825224	26840981	ASPHD2	160	0	0.000000
22	26839073	26879829	HPS4	160	22	0.137500
22	26879841	26890624	SRRD	160	23	0.143750
22	26917960	26986096	TPST2	160	22	0.137500
22	31003068	31023258	TCN2	160	0	0.000000
22	31031766	31065006	SLC35E4	160	0	0.000000
22	31500761	31503554	SELENOM	158	0	0.000000
22	31892123	32014574	SFI1	160	0	0.000000
22	32077331	32146118	PRR14L	160	0	0.000000
22	50247490	50283728	ZBED4	160	16	0.100000
22	50528433	50600116	MOV10L1	160	21	0.131250
22	50883427	50913464	SBF1	160	0	0.000000
22	51007288	51017041	CPT1B	160	1	0.006250
22	51007288	51021428	CHKB-CPT1B	160	1	0.006250
22	51061180	51066580	ARSA	159	0	0.000000
chr	posStart	posEnd	geneName	totSamples	NeanSamples	PropNean
2	3383444	3483342	TRAPPC12	158	35	0.221519
2	15307038	15701458	NBAS	160	3	0.018750
2	28111574	28561768	BABAM2	158	1	0.006329
2	29415638	30144452	ALK	160	1	0.006250
2	31395920	31456823	CAPN14	160	4	0.025000
2	31557185	31637608	XDH	160	0	0.000000
2	31747548	31806007	SRD5A2	158	0	0.000000
2	32390908	32449448	SLC30A6	160	1	0.006250
2	33808725	33824429	FAM98A	154	10	0.064935
2	37311592	37326387	GPATCH11	160	0	0.000000
2	37326351	37384190	EIF2AK2	160	0	0.000000
2	38152428	38294281	RMDN2	160	11	0.068750
2	38177475	38263484	RMDN2-AS1	160	11	0.068750
2	38789109	38830178	HNRNPLL	160	1	0.006250
2	56093100	56150917	EFEMP1	160	1	0.006250
2	65313986	65357435	RAB1A	160	0	0.000000
2	69201703	69208112	GKN1	160	24	0.150000
2	69546899	69614386	GFPT1	160	2	0.012500
2	69685127	69870871	AAK1	159	5	0.031447
2	70436574	70475925	TIA1	160	4	0.025000
2	70883914	70995332	ADD2	160	1	0.006250
2	71035773	71047731	CLEC4F	160	0	0.000000
2	76974847	77749559	LRRTM4	160	0	0.000000
2	84743620	85046713	DNAH6	160	0	0.000000
2	85621869	85641197	CAPG	160	9	0.056250
2	85921479	85925975	GNLY	159	4	0.025157
2	86064241	86116157	ST3GAL5	152	23	0.151316
2	86247337	86333009	POLR1A	160	32	0.200000
2	86333356	86369280	PTCD3	160	0	0.000000
2	97541617	97652317	FAM178B	160	1	0.006250
2	97584841	97591574	LOC101927053	160	1	0.006250
2	99061048	99210855	INPP4A	160	2	0.012500
2	99225009	99234978	UNC50	149	1	0.006711
2	99410307	99552688	KIAA1211L	160	3	0.018750
2	101623688	101767909	TBC1D8	159	3	0.018868
2	105865863	105946192	TGFBRAP1	156	29	0.185897
2	107418054	107503565	ST6GAL2	160	1	0.006250
2	109065660	109125871	GCC2	160	5	0.031250
2	110879886	110962590	NPHP1	160	0	0.000000
2	120197417	120282028	SCTR	160	0	0.000000
2	120234028	120244922	LOC107105282	160	0	0.000000
2	134877504	135212192	MGAT5	160	8	0.050000
2	136597194	136634013	MCM6	160	48	0.300000
2	136663449	136743254	DARS1	160	51	0.318750
2	139426725	139537960	NXPH2	159	2	0.012579
2	143886986	144525921	ARHGAP15	160	1	0.006250
2	152266414	152338686	RIF1	160	9	0.056250
2	152341851	152591001	NEB	160	19	0.118750
2	154728433	155310491	GALNT13	159	24	0.150943
2	158851689	158992666	UPP2	160	1	0.006250
2	159023160	159092681	CCDC148-AS1	160	1	0.006250
2	159027583	159313265	CCDC148	160	1	0.006250
2	161128660	161350318	RBMS1	153	62	0.405229
2	161993464	162092741	TANK	154	39	0.253247
2	162164934	162268228	PSMD14	160	39	0.243750
2	162480843	162841786	SLC4A10	160	27	0.168750
2	162848753	162930725	DPP4	160	14	0.087500
2	163027192	163099955	FAP	160	38	0.237500
2	163123582	163175194	IFIH1	160	38	0.237500
2	163227915	163695277	KCNH7	160	28	0.175000
2	165348925	165477992	GRB14	156	10	0.064103
2	165514439	165698586	COBLL1	160	8	0.050000
2	165944034	166060560	SCN3A	160	2	0.012500
2	166095922	166248814	SCN2A	160	27	0.168750
2	166729870	166810286	TTC21B	160	26	0.162500
2	166813926	166892910	LOC102724058	160	32	0.200000
2	166841149	167005671	SCN1A	160	32	0.200000
2	167260081	167343481	SCN7A	160	30	0.187500
2	167744995	168116263	XIRP2	160	21	0.131250
2	169312780	169631644	CERS6	158	43	0.272152
2	169777289	169887834	ABCB11	160	71	0.443750
2	169983617	170219044	LRP2	160	2	0.012500
2	170336002	170363165	BBS5	159	25	0.157233
2	170385016	170430431	FASTKD1	160	0	0.000000
2	170501933	170550915	CCDC173	160	0	0.000000
2	172172254	172291313	METTL8	160	3	0.018750
2	172290734	172341562	DCAF17	160	3	0.018750
2	173292062	173371187	ITGA6	160	67	0.418750
2	173600571	173917621	RAPGEF4	158	10	0.063291
2	177134168	177202753	MTX2	160	15	0.093750
2	178487970	178973066	PDE11A	160	0	0.000000
2	178977162	178994383	RBM45	160	0	0.000000
2	179059206	179267620	OSBPL6	160	71	0.443750
2	179345182	179381190	PLEKHA3	159	17	0.106918
2	179387552	179484944	TTN-AS1	160	34	0.212500
2	179390714	179672150	TTN	160	66	0.412500
2	179641651	179644690	LOC101927055	160	59	0.368750
2	179694482	179914864	CCDC141	160	28	0.175000
2	179966403	180129559	SESTD1	160	25	0.156250
2	187454781	187545629	ITGAV	160	0	0.000000
2	187558785	187630686	FAM171B	160	1	0.006250
2	189156394	189460653	GULP1	160	9	0.056250
2	191513619	191557492	NAB1	160	19	0.118750
2	191745545	191830278	GLS	160	19	0.118750
2	191894300	192016322	STAT4	158	13	0.082278
2	196602425	196933561	DNAH7	160	83	0.518750
2	196998305	197036302	STK17B	153	71	0.464052
2	197058794	197458278	HECW2	160	4	0.025000
2	197504437	197597530	CCDC150	160	4	0.025000
2	197627757	197664407	GTF3C3	160	4	0.025000
2	197697726	197791431	PGAP1	160	4	0.025000
2	197851384	198175504	ANKRD44	160	5	0.031250
2	198432946	198540311	RFTN2	160	0	0.000000
2	198591601	198651036	BOLL	157	0	0.000000
2	212240440	213403526	ERBB4	160	0	0.000000
2	219687102	219696526	PRKAG3	160	1	0.006250
2	228736090	228789060	DAW1	160	2	0.012500
2	237232788	237416178	IQCA1	160	15	0.093750
2	238232653	238322850	COL6A3	160	20	0.125000
2	238536228	238690290	LRRFIP1	160	6	0.037500
2	238707386	238751451	RBM44	157	16	0.101911
2	239229157	239309541	TRAF3IP1	160	14	0.087500
2	240831857	240964819	NDUFA10	160	2	0.012500
2	241375078	241407493	GPC1	157	2	0.012739
2	242128090	242165391	ANO7	147	0	0.000000
2	242166677	242255257	HDLBP	160	49	0.306250
2	242295698	242434256	FARP2	160	47	0.293750
chr	posStart	posEnd	geneName	totSamples	NeanSamples	PropNean
3	2140485	3099645	CNTN4	160	3	0.018750
3	8775486	8788444	CAV3	157	1	0.006369
3	9404736	9428475	THUMPD3	160	4	0.025000
3	9439297	9519838	SETD5	160	4	0.025000
3	9834177	9849408	ARPC4	160	3	0.018750
3	9834230	9878040	ARPC4-TTLL3	160	5	0.031250
3	9851597	9878049	TTLL3	160	5	0.031250
3	9908392	9921938	CIDEC	160	2	0.012500
3	9958756	9975305	IL17RC	160	9	0.056250
3	9987224	9994099	PRRT3	159	6	0.037736
3	9989086	9996471	PRRT3-AS1	159	6	0.037736
3	10365705	10661646	ATP2B2	160	3	0.018750
3	15642857	15764023	BTD	160	9	0.056250
3	15708741	15901321	ANKRD28	160	9	0.056250
3	17198652	17784231	TBC1D5	153	1	0.006536
3	20202083	20227725	SGO1	160	1	0.006250
3	20215776	20227607	SGO1-AS1	160	1	0.006250
3	23847444	23933131	UBE2E1	160	12	0.075000
3	23986775	24022109	NR1D2	160	13	0.081250
3	29322560	30051886	RBMS3	158	51	0.322785
3	31702315	32023342	OSBPL10	160	79	0.493750
3	32148001	32210207	GPD1L	160	81	0.506250
3	32567461	32612416	DYNC1LI1	159	15	0.094340
3	32726678	32815367	CNOT10	159	14	0.088050
3	33038098	33138722	GLB1	160	106	0.662500
3	33131912	33138638	TMPPE	160	14	0.087500
3	33537735	33759746	CLASP2	160	0	0.000000
3	41288088	42003595	ULK4	160	9	0.056250
3	42128690	42267382	TRAK1	160	1	0.006250
3	42589459	42642570	SEC22C	160	3	0.018750
3	42642176	42690227	NKTR	160	3	0.018750
3	42653800	42695880	LOC101928323	160	3	0.018750
3	42695187	42709072	ZBTB47	160	3	0.018750
3	42850935	42908778	ACKR2	160	2	0.012500
3	42947632	42960826	ZNF662	160	10	0.062500
3	43020801	43099207	GASK1A	156	2	0.012821
3	45730886	45786901	SACM1L	159	16	0.100629
3	45959393	46037316	FYCO1	160	1	0.006250
3	46616023	46623947	TDGF1	160	45	0.281250
3	46710483	46735169	ALS2CL	160	4	0.025000
3	46735266	46752413	TMIE	160	4	0.025000
3	46753605	46759359	PRSS50	160	4	0.025000
3	50192489	50226508	SEMA3F	159	123	0.773585
3	50384759	50388206	NPRL2	160	126	0.787500
3	50388291	50405628	CYB561D2	145	95	0.655172
3	50400042	50541675	CACNA2D2	145	95	0.655172
3	52350333	52434508	DNAH1	160	0	0.000000
3	52435022	52444024	BAP1	160	0	0.000000
3	52444674	52457657	PHF7	160	0	0.000000
3	52529352	52558511	STAB1	160	0	0.000000
3	52558401	52569043	NT5DC2	160	0	0.000000
3	52579381	52719929	PBRM1	159	0	0.000000
3	52811613	52826084	ITIH1	160	4	0.025000
3	52828782	52843025	ITIH3	160	3	0.018750
3	52846976	52864717	ITIH4	160	3	0.018750
3	52937586	53080089	SFMBT1	160	4	0.025000
3	53258721	53290130	TKT	160	5	0.031250
3	53880593	53899821	IL17RB	160	45	0.281250
3	54156577	55108584	CACNA2D3	160	23	0.143750
3	56591182	56655865	CCDC66	160	1	0.006250
3	56654158	56717293	TASOR	160	1	0.006250
3	61547243	62283284	PTPRG	160	13	0.081250
3	64501328	64673676	ADAMTS9	160	21	0.131250
3	66429219	66550845	LRIG1	157	10	0.063694
3	67410882	67705038	SUCLG2	159	18	0.113208
3	74311717	74570291	CNTN3	160	1	0.006250
3	96533436	97480376	EPHA6	160	1	0.006250
3	100468177	100712334	ABI3BP	160	1	0.006250
3	111451341	111695364	PHLDB2	160	11	0.068750
3	111758463	111800116	TMPRSS7	156	4	0.025641
3	112534554	112564797	CD200R1L	160	0	0.000000
3	112709798	112720816	GTPBP8	154	0	0.000000
3	113005775	113160361	CFAP44	160	29	0.181250
3	113367230	113415489	USF3	160	11	0.068750
3	113435303	113465096	NAA50	160	5	0.031250
3	113465880	113530903	ATP6V1A	155	6	0.038710
3	113682982	113775460	CCDC191	159	6	0.037736
3	119243138	119278461	CD80	160	0	0.000000
3	119884326	119963142	GPR156	160	2	0.012500
3	120043354	120068201	LRRC58	150	1	0.006667
3	120111138	120169839	FSTL1	160	2	0.012500
3	120627050	121143608	STXBP5L	155	1	0.006452
3	121150276	121264835	POLQ	160	0	0.000000
3	123001141	123167392	ADCY5	160	3	0.018750
3	123328894	123603179	MYLK	160	2	0.012500
3	123813526	124445172	KALRN	160	26	0.162500
3	124480793	124620258	ITGB5	152	0	0.000000
3	130064357	130203690	COL6A5	160	4	0.025000
3	130279176	130396981	COL6A6	153	10	0.065359
3	130397776	130465673	PIK3R4	160	15	0.093750
3	130569437	130735556	ATP2C1	158	22	0.139241
3	130745719	131069309	NEK11	160	33	0.206250
3	131043934	131100319	LOC339874	160	33	0.206250
3	131181054	131221815	MRPL3	156	6	0.038462
3	131252402	131758450	CPNE4	160	0	0.000000
3	132136344	132257876	DNAJC13	160	45	0.281250
3	132276980	132378975	ACAD11	160	37	0.231250
3	132276980	132441303	NPHP3-ACAD11	160	37	0.231250
3	141205867	141334198	RASA2	160	7	0.043750
3	141497041	141535892	GRK7	160	22	0.137500
3	141595483	141645391	ATP1B3	160	55	0.343750
3	141663268	141868386	TFDP2	160	23	0.143750
3	148583081	148614990	CPA3	160	42	0.262500
3	148847423	148891519	HPS3	160	0	0.000000
3	148880199	148939616	CP	160	0	0.000000
3	149456255	149470286	COMMD2	160	32	0.200000
3	150804583	151154465	MED12L	160	1	0.006250
3	151054629	151102600	P2RY12	160	1	0.006250
3	151151280	151176497	IGSF10	160	1	0.006250
3	154741911	154901518	MME	160	32	0.200000
3	156392377	156424559	TIPARP	158	0	0.000000
3	156977529	157221394	VEPH1	160	27	0.168750
3	157261099	157319022	SLC66A1L	160	22	0.137500
3	157813798	157823952	SHOX2	158	2	0.012658
3	158519841	158547508	MFSD1	160	8	0.050000
3	167196470	167375711	WDR49	160	55	0.343750
3	167401084	167452680	PDCD10	154	48	0.311688
3	169805370	169899521	PHC3	160	25	0.156250
3	169940210	170023765	PRKCI	160	24	0.150000
3	186507679	186524484	RFC4	158	0	0.000000
3	190917028	190983404	OSTN	160	74	0.462500
3	191047181	191116448	CCDC50	160	63	0.393750
3	192992576	193096542	ATP13A5	155	19	0.122581
3	193116754	193272684	ATP13A4	160	34	0.212500
3	194995472	195163749	ACAP2	160	33	0.206250
3	196074531	196159298	UBXN7	160	0	0.000000
3	196439246	196462878	PIGX	160	3	0.018750
3	196466726	196559518	PAK2	159	5	0.031447
3	196594725	196661585	SENP5	160	7	0.043750
chr	posStart	posEnd	geneName	totSamples	NeanSamples	PropNean
4	3076406	3245687	HTT	160	0	0.000000
4	7755815	7780655	AFAP1-AS1	159	2	0.012579
4	7760438	7941653	AFAP1	159	2	0.012579
4	10075961	10118423	WDR1	160	0	0.000000
4	17812600	17846488	NCAPG	160	18	0.112500
4	20697903	20754523	PACRGL	160	7	0.043750
4	20730227	21950395	KCNIP4	160	7	0.043750
4	22388997	22517689	ADGRA3	160	14	0.087500
4	24529096	24586177	DHX15	160	0	0.000000
4	55944646	55991762	KDR	160	0	0.000000
4	56212407	56239267	SRD5A3	160	0	0.000000
4	95679104	96079601	BMPR1B	160	1	0.006250
4	96083653	96470124	UNC5C	145	1	0.006897
4	96761242	96762615	PDHA2	160	10	0.062500
4	100432176	100463460	C4orf17	160	0	0.000000
4	109729879	110223814	COL25A1	160	26	0.162500
4	110354869	110462052	SEC24B	160	20	0.125000
4	110834037	110934922	EGF	160	74	0.462500
4	113218497	113363777	ALPK1	158	1	0.006329
4	113460487	113558151	ZGRF1	160	2	0.012500
4	113558118	113578748	LARP7	160	2	0.012500
4	113627172	114304896	ANK2	160	2	0.012500
4	114372186	114683083	CAMK2D	154	50	0.324675
4	114821438	114900803	ARSJ	155	35	0.225806
4	119201191	119274158	PRSS12	160	1	0.006250
4	119606545	119636585	METTL14	158	0	0.000000
4	120415548	120549959	PDE5A	160	11	0.068750
4	121613066	121844021	PRDM5	160	69	0.431250
4	122052561	122148638	TNIP3	160	3	0.018750
4	126237565	126414087	FAT4	154	22	0.142857
4	128554110	128647892	INTU	160	72	0.450000
4	128702949	128761888	HSPA4L	160	73	0.456250
4	128838885	128887118	MFSD8	160	69	0.431250
4	128886559	128961082	ABHD18	160	75	0.468750
4	128982465	129144081	LARP1B	160	31	0.193750
4	146054800	146101741	OTUD4	160	1	0.006250
4	146678777	146859975	ZNF827	160	12	0.075000
4	147175131	147443123	SLC10A7	160	3	0.018750
4	150272859	150736995	IQCM	160	0	0.000000
4	153701087	153833509	ARFIP1	160	9	0.056250
4	154387496	154557863	TMEM131L	160	0	0.000000
4	156750879	156787429	ASIC5	160	15	0.093750
4	156824846	156841558	TDO2	160	17	0.106250
4	158141734	158287227	GRIA2	160	4	0.025000
4	162305042	163085186	FSTL5	160	2	0.012500
4	164415840	164441691	TMA16	154	17	0.110390
4	169277884	169401665	DDX60L	160	48	0.300000
4	175558069	175750398	GLRA3	160	0	0.000000
4	177134822	177190373	ASB5	160	0	0.000000
4	178351926	178363657	AGA	160	7	0.043750
4	183059809	183065668	TENM3-AS1	160	0	0.000000
4	183811242	183838630	DCTD	160	1	0.006250
4	184020408	184241930	WWC2	160	1	0.006250
4	187508946	187645010	FAT1	160	60	0.375000
chr	posStart	posEnd	geneName	totSamples	NeanSamples	PropNean
5	892997	918235	TRIP13	160	0	0.000000
5	1225494	1246304	SLC6A18	153	0	0.000000
5	5140441	5320417	ADAMTS16	158	0	0.000000
5	5422788	5490333	ICE1	160	13	0.081250
5	9035143	9546187	SEMA5A	160	0	0.000000
5	19471403	20575822	CDH18	156	1	0.006410
5	31400599	31532200	DROSHA	160	55	0.343750
5	31532371	31555165	C5orf22	160	49	0.306250
5	31639236	32111038	PDZD2	152	10	0.065789
5	32354454	32444846	ZFR	160	6	0.037500
5	32585661	32604185	SUB1	160	1	0.006250
5	34839267	34900616	TTC23L	156	0	0.000000
5	34929662	34959069	DNAJC21	160	9	0.056250
5	35856991	35879705	IL7R	159	16	0.100629
5	35904388	35938881	CAPSL	160	12	0.075000
5	35951106	36001124	UGT3A1	160	14	0.087500
5	36098507	36151989	LMBRD2	160	29	0.181250
5	36152143	36184421	SKP2	157	48	0.305732
5	36192689	36242381	NADK2	160	53	0.331250
5	36247013	36302004	RANBP3L	158	55	0.348101
5	38938020	39074501	RICTOR	160	29	0.181250
5	39105352	39270751	FYB1	157	31	0.197452
5	40825362	40835324	RPL37	160	4	0.025000
5	40841467	40855456	CARD6	160	4	0.025000
5	42423539	42721980	GHR	160	43	0.268750
5	42756918	42802541	CCDC152	160	43	0.268750
5	43287570	43313514	HMGCS1	160	14	0.087500
5	43526367	43557521	PAIP1	157	26	0.165605
5	43573285	43603332	NNT-AS1	160	30	0.187500
5	43602775	43707498	NNT	160	49	0.306250
5	45255048	45696482	HCN1	160	4	0.025000
5	49961763	50142353	PARP8	159	2	0.012579
5	52083748	52255039	ITGA1	156	0	0.000000
5	56111374	56191979	MAP3K1	160	101	0.631250
5	57877977	58155221	RAB3C	160	47	0.293750
5	58264863	59792113	PDE4D	159	18	0.113208
5	59892737	59995993	DEPDC1B	160	0	0.000000
5	86563698	86687743	RASA1	160	6	0.037500
5	86607286	86708850	CCNH	160	6	0.037500
5	96211641	96255420	ERAP2	160	2	0.012500
5	108670421	108745675	PJA2	153	1	0.006536
5	118406748	118584824	DMXL1	160	5	0.031250
5	118788190	118878027	HSD17B4	160	2	0.012500
5	121297668	121364328	SRFBP1	160	21	0.131250
5	121398888	121413954	LOX	160	18	0.112500
5	142149940	142608576	ARHGAP26	160	28	0.175000
5	142657494	142815077	NR3C1	160	7	0.043750
5	143550435	143865249	KCTD16	160	4	0.025000
5	145316139	145442855	SH3RF2	160	79	0.493750
5	145463874	145485140	PLAC8L1	160	63	0.393750
5	145492587	145562350	LARS1	160	63	0.393750
5	145826894	145891524	TCERG1	160	18	0.112500
5	146614587	146767418	STK32A	160	61	0.381250
5	146939555	147041572	JAKMIP2-AS1	160	45	0.281250
5	146964999	147162291	JAKMIP2	160	45	0.281250
5	147204141	147218794	SPINK1	160	0	0.000000
5	147443533	147516945	SPINK5	160	44	0.275000
5	147647868	147763413	LOC102546294	160	27	0.168750
5	147691984	147695482	SPINK7	160	27	0.168750
5	147763496	147822399	FBXO38	160	26	0.162500
5	147830593	148034090	HTR4	160	11	0.068750
5	148361711	148442625	SH3TC2	160	29	0.181250
5	148521008	148640002	ABLIM3	146	23	0.157534
5	148961059	149014531	ARHGEF37	160	80	0.500000
5	149237514	149324356	PDE6A	160	0	0.000000
5	149737200	149779871	TCOF1	160	26	0.162500
5	150070352	150080624	RBM22	159	21	0.132075
5	150088307	150138657	DCTN4	160	22	0.137500
5	150157506	150176298	SMIM3	159	1	0.006289
5	150694531	150727120	SLC36A2	160	29	0.181250
5	150816605	150871940	SLC36A1	160	47	0.293750
5	150883651	150948505	FAT2	160	47	0.293750
5	153369706	153418470	FAM114A2	160	36	0.225000
5	153570291	153800544	GALNT10	160	6	0.037500
5	153769327	153825382	SAP30L-AS1	160	6	0.037500
5	154266969	154317776	GEMIN5	160	8	0.050000
5	154393313	154397701	KIF4B	160	7	0.043750
5	168088743	168728143	SLIT3	160	34	0.212500
5	168133930	168147889	LOC101927969	160	31	0.193750
5	178191860	178245436	AACSP1	160	57	0.356250
5	178368197	178393434	ZNF454	160	50	0.312500
chr	posStart	posEnd	geneName	totSamples	NeanSamples	PropNean
6	1624033	2245839	GMDS	160	1	0.006250
6	8013798	8102828	EEF1E1-BLOC1S5	158	17	0.107595
6	8073591	8102781	EEF1E1	158	17	0.107595
6	8411666	8435800	SLC35B3	158	33	0.208861
6	25279600	25620758	CARMIL1	160	2	0.012500
6	26021905	26022278	H4C1	160	17	0.106250
6	26597179	26600967	ABT1	160	17	0.106250
6	27834568	27835359	H1-5	160	0	0.000000
6	33762448	33771780	MLN	160	23	0.143750
6	34247454	34360446	NUDT3	160	6	0.037500
6	34254969	34393902	RPS10-NUDT3	160	6	0.037500
6	35465649	35480673	TULP1	160	4	0.025000
6	35541360	35696360	FKBP5	160	0	0.000000
6	35800741	35888957	SRPK1	160	7	0.043750
6	35911289	35992418	SLC26A8	160	7	0.043750
6	36935909	36954327	MTCH1	160	8	0.050000
6	38683085	38998568	DNAH8	159	39	0.245283
6	41020938	41032630	APOBEC2	160	2	0.012500
6	41032509	41065526	OARD1	160	1	0.006250
6	41040711	41070142	NFYA	160	1	0.006250
6	41196085	41206620	TREML4	160	2	0.012500
6	41873089	41888877	MED20	160	0	0.000000
6	43005353	43021683	CUL7	160	3	0.018750
6	43027330	43042831	KLC4	160	0	0.000000
6	43044050	43129458	PTK7	151	1	0.006623
6	43265996	43273276	SLC22A7	160	1	0.006250
6	43303806	43337385	ZNF318	160	1	0.006250
6	43484760	43530144	POLR1C	160	1	0.006250
6	43490066	43543812	XPO5	160	1	0.006250
6	51480095	51952411	PKHD1	160	2	0.012500
6	52226947	52272575	PAQR8	160	9	0.056250
6	52866075	52926622	CILK1	160	20	0.125000
6	53132194	53213977	ELOVL5	160	25	0.156250
6	53659801	53788923	LRRC1	160	8	0.050000
6	54173237	54254940	TINAG	160	28	0.175000
6	64429874	66417119	EYS	160	84	0.525000
6	69345172	70099398	ADGRB3	160	0	0.000000
6	70576446	70922171	COL19A1	160	21	0.131250
6	70924762	71012787	COL9A1	159	2	0.012579
6	71123105	71270877	FAM135A	160	1	0.006250
6	73331569	73908574	KCNQ5	160	4	0.025000
6	74303100	74363715	SLC17A5	160	17	0.106250
6	75794040	75915769	COL12A1	160	71	0.443750
6	76311223	76427997	SENP6	160	37	0.231250
6	76458954	76629254	MYO6	160	33	0.206250
6	79644134	79787971	PHIP	160	1	0.006250
6	80816325	81055987	BCKDHB	160	1	0.006250
6	99817275	99842071	COQ3	159	0	0.000000
6	99880180	99963365	USP45	160	0	0.000000
6	99990261	100016690	CCNC	160	4	0.025000
6	100956068	101329248	ASCC3	160	12	0.075000
6	105175967	105307794	HACE1	160	1	0.006250
6	105544695	105585032	BVES	160	11	0.068750
6	105721091	105850957	PREP	160	34	0.212500
6	106808590	107019892	CRYBG1	160	67	0.418750
6	107077451	107116292	QRSL1	156	56	0.358974
6	108362611	108395945	OSTM1	160	21	0.131250
6	111580540	111592370	MFSD4B	159	0	0.000000
6	116422014	116570660	NT5DC1	160	0	0.000000
6	116440070	116447295	COL10A1	160	0	0.000000
6	117002372	117063030	KPNA5	160	0	0.000000
6	117609528	117747018	ROS1	160	36	0.225000
6	119280926	119470358	FAM184A	160	0	0.000000
6	121400638	121655875	TBC1D32	160	38	0.237500
6	122720694	122754264	HSF2	160	15	0.093750
6	123537482	123958238	TRDN	160	35	0.218750
6	127898317	127912965	C6orf58	160	0	0.000000
6	128289928	128841744	PTPRK	156	3	0.019231
6	129204281	129837711	LAMA2	160	0	0.000000
6	131160485	131384462	EPB41L2	159	0	0.000000
6	133090507	133119776	SLC18B1	154	0	0.000000
6	133135706	133138703	RPS12	160	15	0.093750
6	134273306	134311570	TBPL1	156	7	0.044872
6	136172837	136516712	PDE7B	160	7	0.043750
6	136878182	137113615	MAP3K5	160	11	0.068750
6	137518619	137540567	IFNGR1	160	20	0.125000
6	138409640	138428556	PERP	160	6	0.037500
6	138483074	138665800	ARFGEF3	160	3	0.018750
6	138743178	138893706	NHSL1	160	13	0.081250
6	143380498	143665020	AIG1	160	11	0.068750
6	144261435	144385736	PLAGL1	158	36	0.227848
6	144612871	145174170	UTRN	160	77	0.481250
6	145946439	146057159	EPM2A	157	25	0.159236
6	146056003	146207721	LOC100507557	160	28	0.175000
6	146205941	146285494	SHPRH	160	28	0.175000
6	146348841	146758737	GRM1	160	50	0.312500
6	146920106	147136598	ADGB	160	12	0.075000
6	147829824	147891157	SAMD5	154	17	0.110390
6	166571128	166582157	TBXT	160	2	0.012500
6	169857301	170102159	WDR27	160	1	0.006250
chr	posStart	posEnd	geneName	totSamples	NeanSamples	PropNean
7	2273828	2281840	MRM2	160	0	0.000000
7	2552161	2568811	LFNG	157	2	0.012739
7	5229862	5273486	WIPI2	160	2	0.012500
7	7397504	7575504	COL28A1	160	11	0.068750
7	19184403	19185044	FERD3L	160	35	0.218750
7	19735082	19748660	TWISTNB	160	6	0.037500
7	19758936	19813240	TMEM196	160	0	0.000000
7	20655288	20796631	ABCB5	160	11	0.068750
7	21467699	21554440	SP4	160	31	0.193750
7	22766817	22771617	IL6	160	1	0.006250
7	27778990	27869386	TAX1BP1	160	0	0.000000
7	38217845	38270270	STARD3NL	158	38	0.240506
7	38423295	38671167	AMPH	160	43	0.268750
7	40174573	40900366	SUGCT	160	34	0.212500
7	42000545	42276808	GLI3	160	16	0.100000
7	43152244	43605600	HECW1	160	11	0.068750
7	43622705	43666978	STK17A	160	5	0.031250
7	43648054	43769140	COA1	160	5	0.031250
7	50526132	50633102	DDC	155	24	0.154839
7	51083907	51384558	COBL	159	17	0.106918
7	55955147	56009918	ZNF713	159	11	0.069182
7	56032276	56067872	NIPSNAP2	160	11	0.068750
7	64432152	64467124	ERV3-1-ZNF117	145	24	0.165517
7	64450732	64467065	ERV3-1	145	24	0.165517
7	75544471	75616173	POR	160	2	0.012500
7	75616147	75623913	TMEM120A	160	0	0.000000
7	75625653	75677321	STYXL1	160	2	0.012500
7	76940066	77045666	GSAP	160	6	0.037500
7	77166610	77269386	PTPN12	160	0	0.000000
7	77428088	77586821	PHTF2	160	0	0.000000
7	81575758	82073272	CACNA2D1	160	4	0.025000
7	100838286	100844317	MOGAT3	160	0	0.000000
7	103112229	103630105	RELN	160	17	0.106250
7	103766786	103848495	ORC5	160	22	0.137500
7	104654635	104755466	KMT2E	160	26	0.162500
7	104756819	105029837	SRPK2	160	26	0.162500
7	105172526	105208131	RINT1	160	15	0.093750
7	105205553	105221989	EFCAB10	158	13	0.082278
7	128470458	128499328	FLNC	160	8	0.050000
7	128490214	128502680	FLNC-AS1	160	8	0.050000
7	128695275	128697293	TPI1P2	160	0	0.000000
7	129470570	129592800	UBE2H	160	8	0.050000
7	129804551	129845246	TMEM209	157	4	0.025478
7	129984654	130008571	CPA5	159	6	0.037736
7	130033610	130081051	CEP41	160	7	0.043750
7	134868589	134896278	WDR91	160	59	0.368750
7	135046545	135194875	CNOT4	160	11	0.068750
7	141404136	141438030	WEE2-AS1	160	5	0.031250
7	141408151	141431071	WEE2	160	5	0.031250
7	141438119	141450288	SSBP1	160	7	0.043750
7	154735398	154794834	PAXIP1	160	3	0.018750
7	156461704	156685902	LMBR1	160	0	0.000000
7	156931618	157062064	UBE3C	160	1	0.006250
7	157331744	158380515	PTPRN2	160	59	0.368750
7	158631934	158738883	WDR60	152	25	0.164474
7	158820864	158937649	VIPR2	160	1	0.006250
chr	posStart	posEnd	geneName	totSamples	NeanSamples	PropNean
8	2792881	4852436	CSMD1	160	26	0.162500
8	6264111	6506029	MCPH1	160	14	0.087500
8	12579413	12613035	LONRF1	160	1	0.006250
8	12803180	12887286	TRMT9B	160	11	0.068750
8	16884745	16980151	MICU3	160	0	0.000000
8	17104399	17190964	VPS37A	160	0	0.000000
8	17154301	17270860	MTMR7	160	0	0.000000
8	18384811	18871213	PSD3	160	40	0.250000
8	22019309	22021992	SFTPC	160	0	0.000000
8	22462268	22479027	CCAR2	160	22	0.137500
8	22477929	22526661	BIN3	160	21	0.131250
8	23286663	23315244	ENTPD4	160	1	0.006250
8	27142401	27168789	TRIM35	160	7	0.043750
8	27590831	27630157	CCDC25	155	7	0.045161
8	27667139	27695334	PBK	158	8	0.050633
8	30013883	30041155	DCTN6	160	8	0.050000
8	97657468	98155729	CPQ	160	0	0.000000
8	98881290	99048952	MATN2	160	36	0.225000
8	102504665	102681954	GRHL2	160	26	0.162500
8	103216727	103251189	RRM2B	160	1	0.006250
8	103264499	103424928	UBR5	160	1	0.006250
8	103838528	103876428	AZIN1	160	13	0.081250
8	104033309	104085279	ATP6V1C1	160	14	0.087500
8	105391657	105479283	DPYS	159	1	0.006289
8	124780677	124827692	FAM91A1	157	3	0.019108
8	131064348	131455920	ASAP1	154	1	0.006494
chr	posStart	posEnd	geneName	totSamples	NeanSamples	PropNean
9	18474149	18910948	ADAMTSL1	160	2	0.012500
9	20341665	20622498	MLLT3	160	1	0.006250
9	20658306	20995954	FOCAD	160	20	0.125000
9	32972602	33025118	APTX	160	0	0.000000
9	33025199	33039905	DNAJA1	160	0	0.000000
9	33041761	33076672	SMU1	157	0	0.000000
9	33921689	34049197	UBAP2	160	3	0.018750
9	34458748	34520987	DNAI1	160	3	0.018750
9	34621044	34629052	ARID3C	158	3	0.018987
9	34646584	34651032	GALT	160	3	0.018750
9	34652180	34661899	IL11RA	160	3	0.018750
9	71939486	72007389	FAM189A2	160	0	0.000000
9	73143974	74061887	TRPM3	143	9	0.062937
9	82186686	82341797	TLE4	160	1	0.006250
9	86237962	86259045	IDNK	158	8	0.050633
9	86582996	86595697	HNRNPK	160	6	0.037500
9	87283371	87641985	NTRK2	160	8	0.050000
9	88556055	88640377	NAA35	160	0	0.000000
9	93976095	94124251	AUH	159	58	0.364780
9	94484881	94712510	ROR2	160	49	0.306250
9	94793427	94877695	SPTLC1	160	25	0.156250
9	94972487	95056038	IARS1	160	11	0.068750
9	95059638	95087876	NOL8	160	10	0.062500
9	95087748	95382811	CENPP	160	10	0.062500
9	95218485	95244788	ASPN	160	10	0.062500
9	95375463	95432413	IPPK	160	10	0.062500
9	95947210	96082854	WNK2	160	30	0.187500
9	97488949	97849500	AOPEP	160	20	0.125000
9	98205260	98279339	PTCH1	160	5	0.031250
9	98637971	98780729	ERCC6L2	160	37	0.231250
9	99075717	99145993	SLC35D2	156	2	0.012821
9	99148221	99180652	ZNF367	160	3	0.018750
9	99516829	99540411	ZNF510	160	31	0.193750
9	100000706	100139577	SUGT1P4-STRA6LP-CCDC180	160	33	0.206250
9	100069617	100141033	CCDC180	160	33	0.206250
9	100263460	100364025	TMOD1	160	35	0.218750
9	100362360	100395650	TSTD2	160	33	0.206250
9	100395703	100436030	NCBP1	160	33	0.206250
9	100615506	100618999	FOXE1	160	19	0.118750
9	101494289	101558837	ANKS6	158	0	0.000000
9	104182840	104198056	ALDOB	160	1	0.006250
9	104296133	104325626	RNF20	160	23	0.143750
9	104331632	104500929	GRIN3A	160	49	0.306250
9	105281917	105419791	LINC00587	160	29	0.181250
9	105757613	105780770	CYLC2	153	44	0.287582
9	106856539	106903700	SMC2	158	4	0.025316
9	107266542	107267503	OR13F1	160	9	0.056250
9	107288532	107289490	OR13C4	160	5	0.031250
9	110045558	110094475	RAD23B	160	1	0.006250
9	111934252	112083244	EPB41L4B	155	23	0.148387
9	113127526	113342021	SVEP1	160	108	0.675000
9	114122963	114246663	ECPAS	160	43	0.268750
9	114287457	114340397	ZNF483	160	63	0.393750
9	114312000	114362135	PTGR1	160	63	0.393750
9	115513038	115637267	SNX30	160	22	0.137500
9	116111819	116133502	BSPRY	160	58	0.362500
9	119185389	120177335	ASTN2	160	73	0.456250
9	125512125	125513062	OR1L6	160	0	0.000000
9	127615694	127620170	WDR38	160	8	0.050000
9	127640552	127703362	GOLGA1	160	21	0.131250
9	128509650	128729656	PBX3	160	55	0.343750
9	129677051	129985445	RALGPS1	160	25	0.156250
9	129849625	129884914	ANGPTL2	160	25	0.156250
9	130025939	130155939	GARNL3	160	20	0.125000
9	130159415	130170177	SLC2A8	160	18	0.112500
9	130469265	130478281	CFAP157	160	21	0.131250
9	130478356	130493869	TTC16	160	21	0.131250
9	130500594	130540945	SH2D3C	160	18	0.112500
9	130683158	130693056	PIP5KL1	160	55	0.343750
9	130697372	130700763	DPM2	160	54	0.337500
9	131018106	131038231	GOLGA2	160	33	0.206250
9	131067436	131084726	TRUB2	160	31	0.193750
9	131133596	131154295	URM1	160	31	0.193750
9	131314864	131395941	SPTAN1	160	18	0.112500
9	131857071	131873072	CRAT	160	1	0.006250
9	135285596	135448706	CFAP77	160	2	0.012500
9	136215071	136218281	RPL7A	160	5	0.031250
9	136218611	136223363	SURF1	155	4	0.025806
9	136223424	136228034	SURF2	160	5	0.031250
9	136228323	136244820	SURF4	160	5	0.031250
9	136243235	136271220	STKLD1	160	5	0.031250
9	137795076	137809758	FCN1	160	1	0.006250
9	137967349	138013030	OLFM1	160	11	0.068750
9	138585251	138591327	SOHLH1	160	1	0.006250
9	139981435	140003635	MAN1B1	160	4	0.025000
9	140004996	140009185	DPP7	160	6	0.037500
9	140772232	141019071	CACNA1B	160	1	0.006250
