chr	posStart	posEnd	geneName	totSamples	NeanSamples	PropNean
10	176026	300577	ZMYND11	503	3	0.005964
10	320139	735608	DIP2C	503	3	0.005964
10	1223251	1779719	ADARB2	503	3	0.005964
10	4868367	4890254	AKR1E2	503	48	0.095427
10	5726799	5805703	TASOR2	503	3	0.005964
10	5903577	5931860	ANKRD16	503	37	0.073559
10	5931533	5979558	FBH1	503	35	0.069583
10	6052650	6104330	IL2RA	503	32	0.063618
10	6130995	6159422	RBM17	503	29	0.057654
10	11495943	11653788	USP6NL	503	130	0.258449
10	11962019	12085169	UPF2	503	96	0.190855
10	12110951	12165220	DHTKD1	503	94	0.186879
10	12238185	12292588	CDC123	503	1	0.001988
10	13685704	14372923	FRMD4A	503	1	0.001988
10	16865963	17171810	CUBN	503	38	0.075547
10	17686148	17758823	STAM	503	86	0.170974
10	23983654	24836777	KIAA1217	503	100	0.198807
10	27035523	27150016	ABI1	503	10	0.019881
10	27399038	27443349	YME1L1	503	11	0.021869
10	27471765	27531040	ACBD5	503	11	0.021869
10	27793101	27831168	RAB18	503	10	0.019881
10	28339920	28591993	MPP7	503	11	0.021869
10	33189244	33247158	ITGB1	503	7	0.013917
10	38047464	38147031	ZNF248	503	100	0.198807
10	43689979	43762513	RASGEF1A	503	1	0.001988
10	44124263	44170147	ZNF32-AS3	503	17	0.033797
10	44139305	44144329	ZNF32	503	17	0.033797
10	44139318	44140495	ZNF32-AS1	503	17	0.033797
10	60936401	61007534	PHYHIPL	503	1	0.001988
10	61548503	61666314	CCDC6	503	27	0.053678
10	61786054	62493286	ANK3	503	124	0.246521
10	63166398	63213139	TMEM26	503	5	0.009940
10	70091448	70102953	HNRNPH3	503	101	0.200795
10	70173819	70231878	DNA2	503	100	0.198807
10	70480994	70552134	CCAR1	503	117	0.232604
10	70661069	70706603	DDX50	503	148	0.294235
10	70715924	70744825	DDX21	503	148	0.294235
10	71561660	71718900	COL13A1	503	85	0.168986
10	72058724	72142406	LRRC20	503	48	0.095427
10	73079008	73123147	SLC29A3	503	8	0.015905
10	73156675	73575704	CDH23	503	0	0.000000
10	75669725	75682535	C10orf55	503	11	0.021869
10	75670857	75677259	PLAU	503	11	0.021869
10	78629357	79397566	KCNMA1	503	28	0.055666
10	86088343	86278277	CCSER2	503	67	0.133201
10	87359307	88126552	GRID1	503	60	0.119284
10	88414302	88426217	OPN4	503	30	0.059642
10	89623380	89731687	PTEN	503	1	0.001988
10	90521161	90537999	LIPN	503	1	0.001988
10	90579651	90611601	ANKRD22	503	6	0.011928
10	90694829	90751154	ACTA2	503	3	0.005964
10	91190054	91295351	SLC16A12	503	73	0.145129
10	91215746	91227908	SLC16A12-AS1	503	73	0.145129
10	91461345	91534700	KIF20B	503	7	0.013917
10	92631707	92668313	RPP30	503	2	0.003976
10	94211439	94333852	IDE	503	13	0.025845
10	94352885	94415152	KIF11	503	13	0.025845
10	95066184	95242091	MYOF	503	91	0.180915
10	95256367	95288849	CEP55	503	98	0.194831
10	96162296	96296089	TBC1D12	503	3	0.005964
10	96305522	96361856	HELLS	503	3	0.005964
10	97071528	97321128	SORBS1	503	25	0.049702
10	97512961	97849992	ENTPD1-AS1	503	78	0.155070
10	97667720	97792441	CC2D2B	503	78	0.155070
10	97889470	97965047	ZNF518A	503	80	0.159046
10	97951453	98031333	BLNK	503	80	0.159046
10	98277865	98346769	TM9SF3	503	14	0.027833
10	98353070	98480271	PIK3AP1	503	50	0.099404
10	111967361	112047123	MXI1	503	0	0.000000
10	112050486	112064678	SMNDC1	503	9	0.017893
10	114133872	114188138	ACSL5	503	3	0.005964
10	121485557	121588663	INPP5F	503	54	0.107356
10	121588914	121633140	MCMBP	503	55	0.109344
10	121652240	121704169	SEC23IP	503	54	0.107356
10	124030809	124097685	BTBD16	503	31	0.061630
10	124221067	124274423	HTRA1	503	18	0.035785
10	126490386	126525236	ABRAXAS2	503	53	0.105368
10	128593976	129250781	DOCK1	503	64	0.127237
10	129705365	129884119	PTPRE	503	11	0.021869
10	129855994	129860689	AS-PTPRE	503	11	0.021869
10	129894921	129924687	MKI67	503	88	0.174950
10	134351289	134596984	INPP5A	503	12	0.023857
chr	posStart	posEnd	geneName	totSamples	NeanSamples	PropNean
11	790473	798281	SLC25A22	503	3	0.005964
11	1244294	1283402	MUC5B	503	38	0.075547
11	3696238	3818784	NUP98	503	72	0.143141
11	4790207	4791168	OR51F1	503	130	0.258449
11	6518508	6593255	DNHD1	503	6	0.011928
11	6616300	6624846	RRP8	503	6	0.011928
11	8060178	8127654	TUB	503	0	0.000000
11	8633582	8680383	TRIM66	503	60	0.119284
11	8714897	8932498	DENND2B	503	0	0.000000
11	8932734	8941626	AKIP1	503	34	0.067594
11	8941621	8954494	C11orf16	503	34	0.067594
11	9002121	9025548	NRIP3	503	36	0.071571
11	9041021	9113146	SCUBE2	503	30	0.059642
11	9406197	9469674	IPO7	503	59	0.117296
11	9779838	9832866	SBF2-AS1	503	3	0.005964
11	9800212	10315754	SBF2	503	4	0.007952
11	10562781	10621479	MRVI1-AS1	503	12	0.023857
11	10594636	10715535	MRVI1	503	12	0.023857
11	11863517	11983434	USP47	503	177	0.351889
11	11984524	12030917	DKK3	503	0	0.000000
11	13690213	13753893	FAR1	503	46	0.091451
11	20409074	20530884	PRMT3	503	5	0.009940
11	20621152	20680831	SLC6A5	503	18	0.035785
11	20691095	21597232	NELL1	503	14	0.027833
11	24518597	25104184	LUZP2	503	7	0.013917
11	26210668	26684836	ANO3	503	23	0.045726
11	30031275	30038577	KCNA4	503	17	0.033797
11	32409319	32457085	WT1	503	56	0.111332
11	33106128	33183037	CSTF3	503	15	0.029821
11	36505317	36531822	TRAF6	503	11	0.021869
11	36589561	36601312	RAG1	503	0	0.000000
11	44117097	44273531	EXT2	503	3	0.005964
11	47440318	47448024	PSMC3	503	4	0.007952
11	47459313	47470688	RAPSN	503	4	0.007952
11	47586980	47595013	PTPMT1	503	4	0.007952
11	47600624	47606114	NDUFS3	503	4	0.007952
11	47799633	47870096	NUP160	503	4	0.007952
11	48002109	48192391	PTPRJ	503	42	0.083499
11	56184732	56185708	OR5R1	503	90	0.178926
11	57067114	57092426	TNKS1BP1	503	37	0.073559
11	57093460	57103366	SSRP1	503	37	0.073559
11	57105824	57139869	P2RX3	503	35	0.069583
11	57791351	57949088	OR9Q1	503	0	0.000000
11	60552804	60568778	MS4A10	503	6	0.011928
11	61281184	61348548	SYT7	503	4	0.007952
11	68671317	68708069	IGHMBP2	503	11	0.021869
11	71639766	71708643	RNF121	503	3	0.005964
11	71996537	72145728	CLPB	503	46	0.091451
11	73019319	73080433	ARHGEF17	503	13	0.025845
11	73111530	73309157	FAM168A	503	13	0.025845
11	73357624	73373864	PLEKHB1	503	15	0.029821
11	74041359	74109478	PGM2L1	503	2	0.003976
11	83166053	85339417	DLG2	503	54	0.107356
11	85405262	85522202	SYTL2	503	26	0.051690
11	86152148	86383678	ME3	503	84	0.166998
11	86502111	86663952	PRSS23	503	108	0.214712
11	89867829	89926062	NAALAD2	503	55	0.109344
11	89933595	89956532	CHORDC1	503	54	0.107356
11	91958198	92629639	FAT3	503	2	0.003976
11	95523623	95565857	CEP57	503	22	0.043738
11	95566042	95657371	MTMR2	503	22	0.043738
11	98891677	100229616	CNTN5	503	109	0.216700
11	100558017	100864672	ARHGAP42	503	50	0.099404
11	100900353	101000544	PGR	503	164	0.326044
11	101322293	101454738	TRPC6	503	103	0.204771
11	102267061	102323496	TMEM123	503	61	0.121272
11	102562216	102576500	MMP27	503	0	0.000000
11	102641231	102651359	MMP10	503	63	0.125249
11	102733465	102745712	MMP12	503	124	0.246521
11	102813722	102826461	MMP13	503	40	0.079523
11	102980153	103350591	DYNC2H1	503	72	0.143141
11	107197069	107328572	CWF19L2	503	14	0.027833
11	107373451	107436461	ALKBH8	503	14	0.027833
11	111473171	111601579	SIK2	503	7	0.013917
11	111652917	111742305	ALG9	503	6	0.011928
11	111779286	111794464	CRYAB	503	7	0.013917
11	111783458	111797595	HSPB2-C11orf52	503	7	0.013917
11	111789635	111797595	C11orf52	503	7	0.013917
11	111797866	111893377	DIXDC1	503	7	0.013917
11	111896130	111935128	DLAT	503	7	0.013917
11	111934732	111944895	PIH1D2	503	7	0.013917
11	113185303	113244019	TTC12	503	1	0.001988
11	116706831	116726445	APOA1-AS	503	21	0.041750
11	116714124	116969144	SIK3	503	21	0.041750
11	117049457	117068158	SIDT2	503	21	0.041750
11	117192492	117283982	CEP164	503	0	0.000000
11	117298486	117688229	DSCAML1	503	15	0.029821
11	118754599	118768496	CXCR5	503	7	0.013917
11	118764582	118781251	BCL9L	503	7	0.013917
11	119981992	120008821	TRIM29	503	5	0.009940
11	120107345	120190654	POU2F3	503	4	0.007952
11	120207120	120360646	ARHGEF12	503	1	0.001988
11	122753234	122834570	JHY	503	11	0.021869
11	122940578	123065956	CLMP	503	12	0.023857
chr	posStart	posEnd	geneName	totSamples	NeanSamples	PropNean
12	299245	323323	SLC6A12	503	15	0.029821
12	389221	498486	KDM5A	503	22	0.043738
12	1901127	2027818	CACNA2D4	503	137	0.272366
12	7187521	7245041	C1R	503	2	0.003976
12	7247148	7261810	C1RL	503	2	0.003976
12	7260902	7274447	C1RL-AS1	503	2	0.003976
12	7276280	7282601	RBP5	503	2	0.003976
12	7282965	7311541	CLSTN3	503	2	0.003976
12	10163224	10171399	CLEC12B	503	28	0.055666
12	10167949	10183205	LOC102724020	503	28	0.055666
12	12510010	12624167	BORCS5	503	85	0.168986
12	12626214	12715797	DUSP16	503	77	0.153082
12	14518564	14655869	ATF7IP	503	0	0.000000
12	14765564	14849533	GUCY2C	503	3	0.005964
12	15033796	15038788	MGP	503	4	0.007952
12	21417532	21548371	SLCO1A2	503	121	0.240557
12	21654721	21671342	GOLT1B	503	54	0.107356
12	22346323	22487648	ST8SIA1	503	159	0.316103
12	22778103	22843599	ETNK1	503	80	0.159046
12	25261221	25348094	CASC1	503	145	0.288270
12	25629014	25801512	LMNTD1	503	1	0.001988
12	26488283	26986127	ITPR2	503	303	0.602386
12	27124510	27167317	TM7SF3	503	75	0.149105
12	27397217	27478892	STK38L	503	72	0.143141
12	29302209	29488549	FAR2	503	28	0.055666
12	29490283	29534105	ERGIC2	503	28	0.055666
12	32259739	32536567	BICD1	503	0	0.000000
12	32832132	32898584	DNM1L	503	3	0.005964
12	32943678	33049780	PKP2	503	19	0.037773
12	39046003	39299393	CPNE8	503	13	0.025845
12	39943833	40013605	ABCD2	503	0	0.000000
12	40148825	40499883	SLC2A13	503	17	0.033797
12	40618797	40763087	LRRK2	503	19	0.037773
12	40787194	40964559	MUC19	503	4	0.007952
12	41086239	41466217	CNTN1	503	33	0.065606
12	41582120	41968547	PDZRN4	503	3	0.005964
12	42850557	42983548	PRICKLE1	503	1	0.001988
12	43747667	43946006	ADAMTS20	503	35	0.069583
12	44152745	44183346	IRAK4	503	11	0.021869
12	44187524	44200120	TWF1	503	12	0.023857
12	45456399	45459194	RACGAP1P	503	7	0.013917
12	48128144	48152663	RAPGEF3	503	95	0.188867
12	48722761	48724062	H1-7	503	77	0.153082
12	49932811	49952120	KCNH3	503	1	0.001988
12	49952075	49961928	MCRS1	503	1	0.001988
12	50030280	50101188	FMNL3	503	1	0.001988
12	50135338	50158717	TMBIM6	503	1	0.001988
12	50184933	50222196	NCKAP5L	503	11	0.021869
12	52281885	52285511	ANKRD33	503	19	0.037773
12	52771594	52779436	KRT84	503	51	0.101392
12	52959564	52967627	KRT74	503	234	0.465209
12	52979371	52995247	KRT72	503	0	0.000000
12	53215190	53228095	KRT79	503	37	0.073559
12	53231586	53242778	KRT78	503	39	0.077535
12	53662081	53687422	ESPL1	503	0	0.000000
12	54747473	54860814	LOC102724050	503	1	0.001988
12	54789043	54813050	ITGA5	503	1	0.001988
12	54973028	54982443	PPP1R1A	503	20	0.039761
12	57489189	57505145	STAT6	503	2	0.003976
12	57522264	57607144	LRP1	503	2	0.003976
12	58141508	58146093	CDK4	503	1	0.001988
12	58156115	58160861	CYP27B1	503	1	0.001988
12	58176526	58196639	TSFM	503	1	0.001988
12	58191157	58209852	AVIL	503	1	0.001988
12	59265935	59314319	LRIG3	503	34	0.067594
12	69080756	69139589	NUP107	503	17	0.033797
12	69979237	69995350	CCT2	503	135	0.268390
12	70037286	70093196	BEST3	503	167	0.332008
12	70132638	70216984	RAB3IP	503	179	0.355865
12	71031851	71314518	PTPRR	503	28	0.055666
12	77157852	77247481	ZDHHC17	503	24	0.047714
12	78224672	78606790	NAV3	503	76	0.151093
12	86268071	86276770	NTS	503	118	0.234592
12	86349444	87232777	MGAT4C	503	8	0.015905
12	89813493	89919824	POC1B	503	0	0.000000
12	96051581	96184933	NTN4	503	171	0.339960
12	96260824	96336392	CCDC38	503	185	0.367793
12	96883353	97269333	CFAP54	503	2	0.003976
12	98847616	98850923	SLC9A7P1	503	91	0.180915
12	99039066	99129211	APAF1	503	92	0.182903
12	100430848	100536652	UHRF1BP1L	503	1	0.001988
12	100593863	100618202	ACTR6	503	1	0.001988
12	100597445	100660857	DEPDC4	503	1	0.001988
12	100867642	100958192	NR1H4	503	0	0.000000
12	101673881	101780396	UTP20	503	5	0.009940
12	102139275	102224737	GNPTAB	503	8	0.015905
12	102271356	102317390	DRAM1	503	9	0.017893
12	102513947	102591298	PARPBP	503	14	0.027833
12	102789650	102874341	IGF1	503	15	0.029821
12	103981049	104160497	STAB2	503	119	0.236581
12	104324186	104341704	HSP90B1	503	91	0.180915
12	104359580	104382656	TDG	503	91	0.180915
12	104382759	104457955	GLT8D2	503	91	0.180915
12	105413566	105478236	ALDH1L2	503	1	0.001988
12	109038883	109125326	CORO1C	503	13	0.025845
12	109171965	109251359	SSH1	503	11	0.021869
12	109991518	110011309	MMAB	503	81	0.161034
12	110011597	110035930	MVK	503	81	0.161034
12	110562160	110656598	IFT81	503	10	0.019881
12	110719050	110788898	ATP2A2	503	9	0.017893
12	110810703	110841535	ANAPC7	503	8	0.015905
12	110940134	110971361	RAD9B	503	8	0.015905
12	110971048	111021123	PPTC7	503	8	0.015905
12	111348621	111358404	MYL2	503	13	0.025845
12	113587661	113597081	CFAP73	503	77	0.153082
12	114791733	114846247	TBX5	503	7	0.013917
12	117890815	118406795	KSR2	503	116	0.230616
12	120972157	121015391	RNF10	503	58	0.115308
12	121438287	121454290	C12orf43	503	58	0.115308
12	121570677	121625835	P2RX7	503	62	0.123260
12	121647930	121671909	P2RX4	503	59	0.117296
12	121675493	121736111	CAMKK2	503	60	0.119284
12	124246846	124420267	DNAH10	503	59	0.117296
12	127137490	127174864	LOC100996671	503	21	0.041750
12	129277737	129308503	SLC15A4	503	105	0.208748
12	130822430	130857182	PIWIL1	503	42	0.083499
12	130880676	131200850	RIMBP2	503	92	0.182903
12	131438450	131626014	ADGRD1	503	21	0.041750
12	132434485	132565005	EP400	503	4	0.007952
12	133408940	133464204	CHFR	503	249	0.495030
chr	posStart	posEnd	geneName	totSamples	NeanSamples	PropNean
13	23755058	23899304	SGCG	503	109	0.216700
13	25946110	26599989	ATP8A2	503	0	0.000000
13	27640291	27745948	USP12	503	11	0.021869
13	27825690	27830705	RPL21	503	0	0.000000
13	28120048	28194666	LNX2	503	67	0.133201
13	28194878	28241548	POLR1D	503	55	0.109344
13	31709108	31736525	HSPH1	503	1	0.001988
13	32605909	32873262	FRY	503	26	0.051690
13	35516422	36246874	NBEA	503	59	0.117296
13	36342787	36706076	DCLK1	503	3	0.005964
13	39612446	39624246	NHLRC3	503	46	0.091451
13	40229762	40365803	COG6	503	70	0.139165
13	42614170	42830720	DGKH	503	0	0.000000
13	42846286	42897397	AKAP11	503	1	0.001988
13	47345389	47371296	ESD	503	9	0.017893
13	48877881	49056026	RB1	503	8	0.015905
13	49063097	49110031	RCBTB2	503	8	0.015905
13	49228063	49285362	CYSLTR2	503	5	0.009940
13	51935711	52027172	INTS6	503	6	0.011928
13	60970589	61148013	TDRD3	503	60	0.119284
13	66876964	67804468	PCDH9	503	2	0.003976
13	72012096	72441342	DACH1	503	5	0.009940
13	73356269	73590599	PIBF1	503	153	0.304175
13	76194568	76434006	LMO7	503	0	0.000000
13	77454308	77460540	KCTD12	503	17	0.033797
13	77579393	77601294	FBXL3	503	18	0.035785
13	77618790	77901229	MYCBP2	503	45	0.089463
13	78109807	78219398	SCEL	503	11	0.021869
13	78393070	78482577	EDNRB-AS1	503	15	0.029821
13	78469614	78549662	EDNRB	503	15	0.029821
13	95672081	95953705	ABCC4	503	80	0.159046
13	99336053	99404926	SLC15A1	503	23	0.045726
13	99445681	99738948	DOCK9	503	39	0.077535
13	101706126	102068859	NALCN	503	6	0.011928
13	103338095	103346871	METTL21C	503	77	0.153082
13	108870738	108886591	ABHD13	503	11	0.021869
13	109248251	109860353	MYO16	503	109	0.216700
chr	posStart	posEnd	geneName	totSamples	NeanSamples	PropNean
14	20754384	20774110	TTC5	503	95	0.188867
14	31091458	31205056	SCFD1	503	24	0.047714
14	35221935	35344566	BAZ1A	503	77	0.153082
14	35452102	35498773	SRP54	503	83	0.165010
14	35550285	35582336	LOC101927178	503	73	0.145129
14	35554671	35591749	PPP2R3C	503	72	0.143141
14	35591756	35746828	PRORP	503	72	0.143141
14	35747762	35786699	PSMA6	503	66	0.131213
14	42076057	42373752	LRFN5	503	9	0.017893
14	50110268	50155098	POLE2	503	2	0.003976
14	50474029	50571761	LINC01599	503	46	0.091451
14	50575353	50583290	VCPKMT	503	46	0.091451
14	50583846	50698296	SOS2	503	46	0.091451
14	51441977	51562422	TRIM9	503	2	0.003976
14	53173916	53195308	PSMC6	503	5	0.009940
14	53196882	53241707	STYX	503	5	0.009940
14	53323987	53417815	FERMT2	503	5	0.009940
14	55308721	55369544	GCH1	503	31	0.061630
14	55405665	55493817	WDHD1	503	42	0.083499
14	55595968	55612148	LGALS3	503	77	0.153082
14	55614851	55658303	DLGAP5	503	78	0.155070
14	55738137	55820329	FBXO34	503	79	0.157058
14	55880926	55907263	TBPL2	503	73	0.145129
14	56046923	56151302	KTN1	503	60	0.119284
14	59655383	59838123	DAAM1	503	90	0.178926
14	59951159	59972128	JKAMP	503	57	0.113320
14	60062692	60337494	RTN1	503	90	0.178926
14	60558627	60614939	PCNX4	503	3	0.005964
14	60610835	60636582	DHRS7	503	3	0.005964
14	63166180	63512176	KCNH5	503	28	0.055666
14	66974123	67648525	GPHN	503	17	0.033797
14	67853699	67878882	PLEK2	503	17	0.033797
14	69340838	69446083	ACTN1	503	20	0.039761
14	70242131	70263958	SLC10A1	503	160	0.318091
14	70510930	70655787	SLC8A3	503	114	0.226640
14	71189241	71276230	MAP3K9	503	35	0.069583
14	71374174	71582099	PCNX1	503	20	0.039761
14	71787191	72207926	SIPA1L1	503	4	0.007952
14	73393170	73428775	DCAF4	503	67	0.133201
14	74318532	74352429	PTGR2	503	127	0.252485
14	74353560	74399224	ZNF410	503	127	0.252485
14	74486050	74532795	BBOF1	503	126	0.250497
14	74523548	74551156	ALDH6A1	503	126	0.250497
14	75179845	75205323	FCF1	503	4	0.007952
14	75230017	75304021	YLPM1	503	4	0.007952
14	75319734	75330537	PROX2	503	4	0.007952
14	75408531	75422467	PGF	503	3	0.005964
14	75894425	75940810	JDP2	503	6	0.011928
14	76127587	76421422	TTLL5	503	12	0.023857
14	77741297	77787225	POMT2	503	35	0.069583
14	77787377	77797940	GSTZ1	503	39	0.077535
14	77893016	77923983	VIPAS39	503	10	0.019881
14	78138745	78174366	ALKBH1	503	47	0.093439
14	80962819	81408082	CEP128	503	15	0.029821
14	81937889	82000205	SEL1L	503	6	0.011928
14	90722895	90741773	PSMC1	503	1	0.001988
14	90990906	91282774	TTC7B	503	2	0.003976
14	91737665	91884164	CCDC88C	503	33	0.065606
14	91923479	91976824	PPP4R3A	503	2	0.003976
14	92047040	92198430	CATSPERB	503	11	0.021869
14	92246088	92333880	TC2N	503	29	0.057654
14	92432333	92506403	TRIP11	503	18	0.035785
14	92588311	92638489	CPSF2	503	8	0.015905
14	92788923	92967825	SLC24A4	503	99	0.196819
14	93403257	93582270	ITPK1	503	24	0.047714
14	100437757	100610573	EVL	503	29	0.057654
14	100610292	100625982	DEGS2	503	28	0.055666
14	103058984	103196898	RCOR1	503	17	0.033797
14	103243784	103377837	TRAF3	503	11	0.021869
14	104378623	104387866	ATP5MPL	503	32	0.063618
14	104394791	104519004	TDRD9	503	33	0.065606
14	105403588	105444711	AHNAK2	503	36	0.071571
14	105675621	105781914	BRF1	503	3	0.005964
chr	posStart	posEnd	geneName	totSamples	NeanSamples	PropNean
15	33010203	33037307	GREM1	503	19	0.037773
15	33603166	34158322	RYR3	503	88	0.174950
15	34521983	34630258	SLC12A6	503	13	0.025845
15	38746326	38779911	FAM98B	503	14	0.027833
15	38780302	38857015	RASGRP1	503	14	0.027833
15	40674920	40686489	KNSTRN	503	95	0.188867
15	41221536	41231271	DLL4	503	2	0.003976
15	41245667	41248710	CHAC1	503	2	0.003976
15	41271076	41408478	INO80	503	2	0.003976
15	41709300	41775761	RTF1	503	3	0.005964
15	42140342	42186251	SPTBN5	503	37	0.073559
15	42188129	42264755	EHD4	503	50	0.099404
15	51633850	51700197	GLDN	503	6	0.011928
15	52407295	52483589	GNB5	503	2	0.003976
15	52472221	52498076	CERNA1	503	2	0.003976
15	52484517	52588001	MYO5C	503	2	0.003976
15	52873516	52970831	FAM214A	503	2	0.003976
15	53047248	53082533	ONECUT1	503	3	0.005964
15	54270636	54925638	UNC13C	503	38	0.075547
15	55903740	56035350	PRTG	503	23	0.045726
15	56119113	56285810	NEDD4	503	77	0.153082
15	56657620	56738195	TEX9	503	51	0.101392
15	56720920	56757335	MNS1	503	51	0.101392
15	56922372	57026284	ZNF280D	503	25	0.049702
15	62939508	63136830	TLN2	503	16	0.031809
15	63613575	63674309	CA12	503	65	0.129225
15	63900815	64126147	HERC1	503	26	0.051690
15	64457722	64648372	CSNK1G1	503	62	0.123260
15	65032088	65067788	RBPMS2	503	69	0.137177
15	65107829	65117846	PIF1	503	19	0.037773
15	65204099	65251033	ANKDD1A	503	24	0.047714
15	65440555	65477680	CLPX	503	2	0.003976
15	65487096	65503811	CILP	503	2	0.003976
15	65550435	65579221	PARP16	503	0	0.000000
15	67813467	67822484	C15orf61	503	1	0.001988
15	70340127	70390256	TLE3	503	14	0.027833
15	74471805	74502046	STRA6	503	160	0.318091
15	75074419	75095539	CSK	503	2	0.003976
15	75105174	75118095	LMAN1L	503	2	0.003976
15	79724676	79764646	MINAR1	503	0	0.000000
15	80135887	80189627	MTHFS	503	17	0.033797
15	80135887	80215448	ST20-MTHFS	503	17	0.033797
15	83211949	83317546	CPEB1	503	19	0.037773
15	83316519	83361572	CPEB1-AS1	503	19	0.037773
15	83328031	83378660	AP3B2	503	19	0.037773
15	83517733	83621472	HOMER2	503	13	0.025845
15	84322873	84708594	ADAMTSL3	503	237	0.471173
15	85359909	85416713	ALPK3	503	269	0.534791
15	85427890	85518880	SLC28A1	503	193	0.383698
15	85523696	85682373	PDE8A	503	263	0.522863
15	85923832	86292589	AKAP13	503	257	0.510934
15	86622849	87572283	AGBL1	503	38	0.075547
15	88402980	88799970	NTRK3	503	7	0.013917
15	89859534	89878055	POLG	503	6	0.011928
15	90014636	90039814	RHCG	503	5	0.009940
15	90931472	91045471	IQGAP1	503	6	0.011928
15	91073153	91188577	CRTC3	503	6	0.011928
15	91445610	91465815	MAN2A2	503	76	0.151093
15	91509268	91537765	PRC1	503	73	0.145129
15	91509597	91531854	PRC1-AS1	503	73	0.145129
15	91541644	91565851	VPS33B	503	114	0.226640
15	101420034	101456831	ALDH1A3	503	2	0.003976
15	101432546	101459488	LOC101927751	503	2	0.003976
15	101459560	101618462	LRRK1	503	6	0.011928
chr	posStart	posEnd	geneName	totSamples	NeanSamples	PropNean
16	1662359	1727909	CRAMP1	503	5	0.009940
16	3589031	3627404	NLRC3	503	61	0.121272
16	3631180	3661607	SLX4	503	63	0.125249
16	3775053	3930714	CREBBP	503	6	0.011928
16	4746509	4784378	ANKS3	503	24	0.047714
16	4784536	4799397	C16orf71	503	23	0.045726
16	4798238	4817163	ZNF500	503	23	0.045726
16	8985949	9057763	USP7	503	63	0.125249
16	19567023	19712485	VPS35L	503	1	0.001988
16	56651371	56652730	MT1L	503	14	0.027833
16	57496589	57505921	POLR2C	503	37	0.073559
16	57702216	57723290	ADGRG3	503	1	0.001988
16	58283838	58317740	CCDC113	503	2	0.003976
16	68679211	68734195	CDH3	503	7	0.013917
16	69743302	69760463	NQO1	503	4	0.007952
16	69775755	69788871	NOB1	503	4	0.007952
16	70695105	70719956	MTSS2	503	9	0.017893
16	70721340	70835061	VAC14	503	10	0.019881
16	74481336	74641012	GLG1	503	1	0.001988
16	74705751	74734760	MLKL	503	1	0.001988
16	75182420	75206132	ZFP1	503	2	0.003976
16	75327606	75467401	CFDP1	503	11	0.021869
16	76311297	76594654	CNTNAP4	503	217	0.431412
16	77316023	77468931	ADAMTS18	503	115	0.228628
16	78056443	78065998	CLEC3A	503	273	0.542744
16	78133549	79246564	WWOX	503	237	0.471173
16	81812894	81996290	PLCG2	503	5	0.009940
16	87439852	87526630	ZCCHC14	503	29	0.057654
16	88718346	88729499	MVD	503	2	0.003976
chr	posStart	posEnd	geneName	totSamples	NeanSamples	PropNean
17	1682777	1733196	SMYD4	503	2	0.003976
17	4573067	4607432	PELP1	503	200	0.397614
17	4613925	4624792	ARRB2	503	198	0.393638
17	4801064	4806393	CHRNE	503	2	0.003976
17	7215978	7218679	GPS2	503	2	0.003976
17	7218945	7232654	NEURL4	503	2	0.003976
17	7284406	7293085	TNK1	503	23	0.045726
17	7293044	7307450	TMEM256-PLSCR3	503	23	0.045726
17	7306292	7307416	TMEM256	503	23	0.045726
17	7589387	7606820	WRAP53	503	4	0.007952
17	7621060	7737029	DNAH2	503	32	0.063618
17	7743222	7758114	KDM6B	503	25	0.049702
17	7759997	7788738	NAA38	503	24	0.047714
17	7761319	7765600	CYB5D1	503	24	0.047714
17	7825175	7832753	KCNAB3	503	20	0.039761
17	7833661	7835317	TRAPPC1	503	20	0.039761
17	7835397	7853238	CNTROB	503	20	0.039761
17	8023908	8027424	HES7	503	31	0.061630
17	8075773	8079698	TMEM107	503	22	0.043738
17	8152605	8173804	PFAS	503	48	0.095427
17	8191079	8198718	SLC25A35	503	19	0.037773
17	8191986	8193405	RANGRF	503	19	0.037773
17	8213557	8225834	ARHGEF15	503	17	0.033797
17	12569205	12672266	MYOCD	503	14	0.027833
17	12575177	12609452	MYOCD-AS1	503	14	0.027833
17	12894927	12921381	ELAC2	503	4	0.007952
17	13397347	13505246	HS3ST3A1	503	137	0.272366
17	13972819	14111994	COX10	503	65	0.129225
17	25621138	25642952	WSB1	503	15	0.029821
17	33474834	33516364	UNC45B	503	1	0.001988
17	33901812	33905590	PEX12	503	15	0.029821
17	37913966	38020565	IKZF3	503	29	0.057654
17	38024453	38034149	ZPBP2	503	35	0.069583
17	38060846	38074903	GSDMB	503	34	0.067594
17	38278222	38293170	MSL1	503	16	0.031809
17	38296788	38328424	CASC3	503	16	0.031809
17	38544775	38574148	TOP2A	503	16	0.031809
17	38810915	38821429	KRT222	503	0	0.000000
17	42282406	42298672	UBTF	503	12	0.023857
17	55912140	55927405	MRPS23	503	24	0.047714
17	65066558	65241312	HELZ	503	19	0.037773
17	75084765	75213183	SEC14L1	503	16	0.031809
17	76000316	76104916	TNRC6C	503	4	0.007952
17	76670127	76778424	CYTH1	503	3	0.005964
17	76791732	76836609	USP36	503	2	0.003976
chr	posStart	posEnd	geneName	totSamples	NeanSamples	PropNean
18	214518	268047	THOC1	503	1	0.001988
18	316735	500701	COLEC12	503	22	0.043738
18	9102695	9134339	NDUFV2	503	10	0.019881
18	9121261	9136718	NDUFV2-AS1	503	10	0.019881
18	9136777	9285983	ANKRD12	503	10	0.019881
18	9546790	9614557	PPP4R1	503	83	0.165010
18	12446509	12658106	SPIRE1	503	1	0.001988
18	23596215	23671181	SS18	503	6	0.011928
18	42747926	43263653	SLC14A2	503	116	0.230616
18	44056922	44236996	LOXHD1	503	100	0.198807
18	44383179	44500108	PIAS2	503	20	0.039761
18	44497555	44628614	KATNAL2	503	22	0.043738
18	44633779	44676871	HDHD2	503	21	0.041750
18	49866565	51062269	DCC	503	54	0.107356
18	59708395	59854289	PIGN	503	240	0.477137
18	59854486	59977482	RELCH	503	237	0.471173
18	59992518	60058521	TNFRSF11A	503	162	0.322068
18	60190256	60253962	ZCCHC2	503	263	0.522863
18	66382451	66722426	CCDC102B	503	14	0.027833
18	67068122	67516323	DOK6	503	8	0.015905
18	67670265	67872923	RTTN	503	14	0.027833
18	71740601	71815069	FBXO15	503	86	0.170974
18	74534561	74682683	ZNF236	503	30	0.059642
18	76740273	76758969	SALL3	503	54	0.107356
chr	posStart	posEnd	geneName	totSamples	NeanSamples	PropNean
19	5587008	5622787	SAFB2	503	18	0.035785
19	5978412	6020374	LOC100128568	503	1	0.001988
19	5993173	6110511	RFX2	503	1	0.001988
19	6413111	6424822	KHSRP	503	12	0.023857
19	6426046	6433774	SLC25A41	503	12	0.023857
19	7587508	7598895	MCOLN1	503	2	0.003976
19	7599048	7626653	PNPLA6	503	2	0.003976
19	10244020	10305629	DNMT1	503	5	0.009940
19	10420719	10426691	FDX2	503	33	0.065606
19	10426886	10444205	RAVER1	503	33	0.065606
19	17858551	17899370	FCHO1	503	28	0.055666
19	33072094	33078359	PDCD5	503	4	0.007952
19	33087910	33166086	ANKRD27	503	29	0.057654
19	33321415	33360673	SLC7A9	503	154	0.306163
19	33366829	33462864	CEP89	503	139	0.276342
19	33571784	33621448	GPATCH1	503	447	0.888668
19	34745457	34846476	KIAA0355	503	24	0.047714
19	38794196	38806587	YIF1B	503	1	0.001988
19	39818997	39826683	GMFG	503	20	0.039761
19	40476910	40487671	PSMC4	503	12	0.023857
19	40728113	40732596	CNTD2	503	2	0.003976
19	40736222	40791252	AKT2	503	2	0.003976
19	40825441	40854434	C19orf47	503	2	0.003976
19	43979253	44008985	PHLDB3	503	2	0.003976
19	46800297	46846690	HIF3A	503	37	0.073559
19	46913584	46916821	CCDC8	503	43	0.085487
19	50655803	50666538	IZUMO2	503	23	0.045726
19	51020147	51071692	LRRC4B	503	11	0.021869
19	52391276	52403717	ZNF649-AS1	503	14	0.027833
19	52392486	52408270	ZNF649	503	14	0.027833
19	52430723	52449874	ZNF613	503	43	0.085487
19	52452385	52484620	ZNF350-AS1	503	43	0.085487
19	52467591	52490093	ZNF350	503	43	0.085487
19	56158764	56164527	CCDC106	503	0	0.000000
19	56186559	56220899	EPN1	503	33	0.065606
19	56219802	56249768	NLRP9	503	32	0.063618
19	58488414	58514714	ZNF606	503	78	0.155070
19	58694354	58724928	ZNF274	503	14	0.027833
chr	posStart	posEnd	geneName	totSamples	NeanSamples	PropNean
1	3404513	3528072	MEGF6	503	85	0.168986
1	3541577	3546691	TPRG1L	503	38	0.075547
1	3547332	3566667	WRAP73	503	38	0.075547
1	9788982	9884584	CLSTN1	503	4	0.007952
1	10093014	10241297	UBE4B	503	21	0.041750
1	10270626	10441661	KIF1B	503	24	0.047714
1	12290085	12572099	VPS13D	503	11	0.021869
1	14026681	14151574	PRDM2	503	20	0.039761
1	19401002	19536760	UBR4	503	17	0.033797
1	19665267	19812033	CAPZB	503	2	0.003976
1	19923471	19984945	MICOS10-NBL1	503	0	0.000000
1	19969721	19984949	NBL1	503	0	0.000000
1	19991366	20007459	HTR6	503	7	0.013917
1	20008704	20126409	TMCO4	503	16	0.031809
1	21066757	21113800	HP1BP3	503	39	0.077535
1	21132783	21503390	EIF4G3	503	39	0.077535
1	32117862	32169618	COL16A1	503	14	0.027833
1	33207429	33240571	KIAA1522	503	169	0.335984
1	33722091	33766320	ZNF362	503	199	0.395626
1	35734308	35887659	ZMYM4	503	1	0.001988
1	35899091	36023004	KIAA0319L	503	1	0.001988
1	37955559	37980367	MEAF6	503	55	0.109344
1	38032411	38061586	GNL2	503	55	0.109344
1	39328160	39339050	MYCBP	503	191	0.379722
1	39328160	39347298	GJA9-MYCBP	503	202	0.401590
1	39339071	39341898	LOC105378663	503	195	0.387674
1	39339739	39347259	GJA9	503	195	0.387674
1	40303780	40349183	TRIT1	503	26	0.051690
1	40915734	40929387	ZFP69B	503	20	0.039761
1	41249457	41306124	KCNQ4	503	55	0.109344
1	41492869	41707978	SCMH1	503	100	0.198807
1	45316192	45452394	EIF2B3	503	5	0.009940
1	45468218	45476996	HECTD3	503	5	0.009940
1	46016453	46035723	AKR1A1	503	3	0.005964
1	46049658	46084578	NASP	503	3	0.005964
1	46092974	46152205	GPBP1L1	503	3	0.005964
1	46159994	46216485	IPP	503	3	0.005964
1	46505810	46640573	PIK3R3	503	3	0.005964
1	46505810	46642160	LOC110117498-PIK3R3	503	3	0.005964
1	48761042	48937880	SPATA6	503	3	0.005964
1	51567898	51613758	C1orf185	503	0	0.000000
1	51819933	51984938	EPS15	503	0	0.000000
1	52254862	52344609	NRDC	503	0	0.000000
1	52485801	52521843	TXNDC12	503	5	0.009940
1	52607759	52812358	ZFYVE9	503	5	0.009940
1	52888945	53018764	TUT4	503	32	0.063618
1	53308430	53360670	ZYG11A	503	27	0.053678
1	53361580	53387446	ECHDC2	503	29	0.057654
1	53679769	53686311	CZIB	503	9	0.017893
1	54317404	54355470	YIPF1	503	38	0.075547
1	54598391	54618854	CDCP2	503	30	0.059642
1	55505219	55530526	PCSK9	503	25	0.049702
1	55532030	55681037	USP24	503	26	0.051690
1	57184460	57285077	FYB2	503	309	0.614314
1	57320468	57383896	C8A	503	7	0.013917
1	60280619	60341994	HOOK1	503	46	0.091451
1	76262565	76378927	MSH4	503	5	0.009940
1	81771875	82459616	ADGRL2	503	19	0.037773
1	84864213	84880691	DNASE2B	503	34	0.067594
1	84944947	84964035	RPF1	503	16	0.031809
1	84972067	85022178	SPATA1	503	16	0.031809
1	85093911	85100703	LINC01555	503	1	0.001988
1	85109387	85156151	SSX2IP	503	1	0.001988
1	85527979	85598821	WDR63	503	69	0.137177
1	85715634	85725345	C1orf52	503	27	0.053678
1	85784166	86043883	DDAH1	503	18	0.035785
1	86812505	86862025	ODF2L	503	5	0.009940
1	86889852	86922236	CLCA2	503	58	0.115308
1	95285911	95360803	SLC44A3	503	13	0.025845
1	97543297	98386615	DPYD	503	0	0.000000
1	114935410	115053824	TRIM33	503	35	0.069583
1	115125469	115212670	DENND2C	503	35	0.069583
1	115215717	115238239	AMPD1	503	35	0.069583
1	115247088	115259392	NRAS	503	35	0.069583
1	115259532	115300671	CSDE1	503	35	0.069583
1	146644324	146767447	CHD1L	503	8	0.015905
1	146655882	146697230	FMO5	503	8	0.015905
1	147013269	147098017	BCL9	503	9	0.017893
1	147114027	147142646	ACP6	503	12	0.023857
1	147374919	147381396	GJA8	503	45	0.089463
1	149900541	149908772	MTMR11	503	82	0.163022
1	150039437	150117507	VPS45	503	156	0.310139
1	150547025	150552214	MCL1	503	20	0.039761
1	150782187	150849075	ARNT	503	19	0.037773
1	150937647	150947479	CERS2	503	20	0.039761
1	150969010	150980869	MINDY1	503	20	0.039761
1	151129123	151142772	TNFAIP8L2-SCNM1	503	5	0.009940
1	151132222	151138378	LYSMD1	503	5	0.009940
1	151138618	151142772	SCNM1	503	5	0.009940
1	151142461	151148457	TMOD4	503	5	0.009940
1	151313114	151319769	RFX5	503	3	0.005964
1	153232161	153234600	LOR	503	1	0.001988
1	159770300	159786047	FCRL6	503	135	0.268390
1	160121391	160156770	ATP1A4	503	30	0.059642
1	160577888	160617101	SLAMF1	503	14	0.027833
1	161719574	161727028	DUSP12	503	50	0.099404
1	161736108	161933860	ATF6	503	11	0.021869
1	162600651	162757195	DDR2	503	2	0.003976
1	163291742	163325549	NUF2	503	0	0.000000
1	166025153	166136238	FAM78B	503	10	0.019881
1	166877422	166944777	ILDR2	503	13	0.025845
1	169101766	169337201	NME7	503	94	0.186879
1	169558085	169599362	SELP	503	86	0.170974
1	169818770	169863100	SCYL3	503	94	0.186879
1	169890468	170043879	KIFAP3	503	98	0.194831
1	170115186	170136923	METTL11B	503	50	0.099404
1	170633270	170708562	PRRX1	503	67	0.133201
1	171106877	171130702	FMO6P	503	20	0.039761
1	171154345	171181825	FMO2	503	24	0.047714
1	175284328	175712731	TNR	503	90	0.178926
1	177897921	177953438	SEC16B	503	65	0.129225
1	177897921	178007142	CRYZL2P-SEC16B	503	65	0.129225
1	178994937	179045709	FAM20B	503	26	0.051690
1	179051203	179065131	TOR3A	503	30	0.059642
1	179068463	179198819	ABL2	503	29	0.057654
1	179335104	179523870	AXDND1	503	57	0.113320
1	179519672	179545083	NPHS2	503	57	0.113320
1	179560746	179660407	TDRD5	503	0	0.000000
1	179923943	180084010	CEP350	503	106	0.210736
1	180601156	180859415	XPR1	503	75	0.149105
1	180882031	180920750	KIAA1614	503	3	0.005964
1	181002559	181031074	MR1	503	7	0.013917
1	182347226	182361341	GLUL	503	23	0.045726
1	184356161	184598153	C1orf21	503	11	0.021869
1	184659369	184723992	EDEM3	503	2	0.003976
1	184760164	184943640	NIBAN1	503	0	0.000000
1	185265518	185286375	IVNS1ABP	503	3	0.005964
1	185703521	186160081	HMCN1	503	5	0.009940
1	186798030	186958113	PLA2G4A	503	60	0.119284
1	196194907	196577570	KCNT2	503	58	0.115308
1	197881633	197904608	LHX9	503	34	0.067594
1	198608096	198726605	PTPRC	503	12	0.023857
1	200520623	200589879	KIF14	503	37	0.073559
1	201452656	201476251	CSRP1	503	14	0.027833
1	203444932	203460480	PRELP	503	8	0.015905
1	203463279	203478077	OPTC	503	7	0.013917
1	203595913	203713209	ATP2B4	503	1	0.001988
1	204586296	204654866	LRRN2	503	4	0.007952
1	204797778	204991950	NFASC	503	6	0.011928
1	205271189	205290873	NUAK2	503	0	0.000000
1	205538140	205572046	MFSD4A	503	26	0.051690
1	205737112	205744610	RAB29	503	13	0.025845
1	205882174	205912588	SLC26A9	503	2	0.003976
1	206238880	206288197	RHEX	503	5	0.009940
1	208195585	208417729	PLXNA2	503	19	0.037773
1	210501594	210849638	HHAT	503	133	0.264414
1	210851654	211307490	KCNH1	503	250	0.497018
1	211831596	211848972	NEK2	503	38	0.075547
1	212899493	212965119	NSL1	503	36	0.071571
1	213031615	213072705	FLVCR1	503	36	0.071571
1	214776536	214837914	CENPF	503	46	0.091451
1	215178883	215410433	KCNK2	503	17	0.033797
1	215740645	215795149	KCTD3	503	3	0.005964
1	215796231	216596790	USH2A	503	199	0.395626
1	216676586	217311044	ESRRG	503	245	0.487078
1	217600332	217804432	GPATCH2	503	0	0.000000
1	217804684	218045038	SPATA17	503	67	0.133201
1	220141940	220219847	EPRS1	503	186	0.369781
1	220701476	220837803	MARK1	503	10	0.019881
1	220960253	220993001	MTARC1	503	3	0.005964
1	223394171	223537518	SUSD4	503	1	0.001988
1	224301811	224349749	FBXO28	503	1	0.001988
1	224407313	224415745	LOC101927164	503	1	0.001988
1	224415034	224517891	NVL	503	1	0.001988
1	225117354	225586988	DNAH14	503	89	0.176938
1	225589202	225616557	LBR	503	42	0.083499
1	225674529	225840825	ENAH	503	49	0.097416
1	227915867	227968932	SNAP47	503	1	0.001988
1	228698058	228699989	BTNL10	503	1	0.001988
1	231376956	231413719	GNPAT	503	13	0.025845
1	231474037	231490769	SPRTN	503	13	0.025845
1	231664397	232177018	TSNAX-DISC1	503	1	0.001988
1	231762534	232177018	DISC1	503	1	0.001988
1	232533709	232651354	SIPA1L2	503	50	0.099404
1	236712303	236767816	HEATR1	503	14	0.027833
1	238025473	238091621	LOC100130331	503	7	0.013917
1	238045675	238054222	ZP4	503	7	0.013917
1	247108847	247242115	ZNF670-ZNF695	503	19	0.037773
1	247197937	247242113	ZNF670	503	19	0.037773
chr	posStart	posEnd	geneName	totSamples	NeanSamples	PropNean
20	2821341	2847378	VPS16	503	3	0.005964
20	2844839	3019315	PTPRA	503	3	0.005964
20	3451663	3631765	ATRN	503	63	0.125249
20	3667615	3693247	SIGLEC1	503	71	0.141153
20	5525083	5591652	GPCPD1	503	50	0.099404
20	5917872	5931204	TRMT6	503	49	0.097416
20	5931296	5979623	MCM8	503	56	0.111332
20	9049699	9461463	PLCB4	503	68	0.135189
20	10415951	10608678	SLX4IP	503	27	0.053678
20	13201919	13281298	ISM1	503	11	0.021869
20	13370034	13619583	TASP1	503	6	0.011928
20	13694967	13765579	ESF1	503	26	0.051690
20	13829891	13975979	SEL1L2	503	37	0.073559
20	13976160	16033842	MACROD2	503	191	0.379722
20	16252747	16554093	KIF16B	503	187	0.371769
20	17206750	17465223	PCSK2	503	13	0.025845
20	17474548	17549865	BFSP1	503	13	0.025845
20	18122866	18169031	KAT14	503	23	0.045726
20	31446727	31549415	EFCAB8	503	48	0.095427
20	31571579	31592239	SUN5	503	40	0.079523
20	36322355	36500531	CTNNBL1	503	1	0.001988
20	40030721	40247016	CHD6	503	8	0.015905
20	40701394	41818546	PTPRT	503	67	0.133201
20	42136335	42170535	L3MBTL1	503	22	0.043738
20	42187665	42214273	SGK2	503	37	0.073559
20	42824577	42839411	OSER1	503	2	0.003976
20	44277200	44298878	WFDC11	503	2	0.003976
20	44402850	44420522	WFDC3	503	21	0.041750
20	44420591	44440057	DNTTIP1	503	21	0.041750
20	44441213	44445596	UBE2C	503	21	0.041750
20	44470358	44486031	ACOT8	503	0	0.000000
20	44650323	44688789	SLC12A5	503	27	0.053678
20	46130629	46285616	NCOA3	503	106	0.210736
20	48429248	48508779	SLC9A8	503	4	0.007952
20	49126856	49201778	PTPN1	503	73	0.145129
20	49202643	49308079	RIPOR3	503	73	0.145129
20	50213051	50384929	ATP9A	503	31	0.061630
20	52560075	52687304	BCAS1	503	21	0.041750
20	55926309	55954258	RAE1	503	22	0.043738
20	61448400	61472511	COL9A3	503	8	0.015905
20	61509088	61569304	DIDO1	503	0	0.000000
20	61904135	61921142	ARFGAP1	503	77	0.153082
20	61924536	61966203	COL20A1	503	49	0.097416
20	62704532	62711317	RGS19	503	1	0.001988
chr	posStart	posEnd	geneName	totSamples	NeanSamples	PropNean
21	19641431	19776102	TMPRSS15	503	8	0.015905
21	31691440	31692633	KRTAP26-1	503	14	0.027833
21	31709329	31710012	KRTAP27-1	503	14	0.027833
21	33031933	33041244	SOD1	503	58	0.115308
21	37692485	37748944	MORC3	503	31	0.061630
21	43824009	43867794	UBASH3A	503	100	0.198807
21	44073729	44195619	PDE9A	503	35	0.069583
21	44394618	44454041	PKNOX1	503	46	0.091451
21	47608358	47648738	LSS	503	64	0.127237
21	47649143	47671615	MCM3AP-AS1	503	65	0.129225
21	47655045	47705525	MCM3AP	503	65	0.129225
chr	posStart	posEnd	geneName	totSamples	NeanSamples	PropNean
22	19023793	19109967	DGCR2	503	14	0.027833
22	19117790	19132164	ESS2	503	14	0.027833
22	19166984	19279242	CLTCL1	503	7	0.013917
22	20067753	20099400	DGCR8	503	54	0.107356
22	20103625	20114878	RANBP1	503	52	0.103380
22	20119325	20135530	ZDHHC8	503	52	0.103380
22	21061977	21213100	PI4KA	503	0	0.000000
22	22113944	22221970	MAPK1	503	29	0.057654
22	24407752	24574596	CABIN1	503	28	0.055666
22	25960640	26125261	GRK3	503	28	0.055666
22	26138153	26427011	MYO18B	503	9	0.017893
22	26825224	26840981	ASPHD2	503	0	0.000000
22	26839073	26879829	HPS4	503	1	0.001988
22	26879841	26890624	SRRD	503	1	0.001988
22	26917960	26986096	TPST2	503	1	0.001988
22	30792928	30821291	SEC14L2	503	25	0.049702
22	30918773	30942669	SEC14L6	503	26	0.051690
22	31031766	31065006	SLC35E4	503	9	0.017893
22	31500761	31503554	SELENOM	503	48	0.095427
22	31892123	32014574	SFI1	503	17	0.033797
22	32077331	32146118	PRR14L	503	20	0.039761
22	32601100	32669602	SLC5A4-AS1	503	13	0.025845
22	32614449	32651334	SLC5A4	503	13	0.025845
22	32783567	32808234	RTCB	503	138	0.274354
22	36863091	36877687	TXN2	503	30	0.059642
22	37257028	37274059	NCF4	503	2	0.003976
22	37309668	37336481	CSF2RB	503	2	0.003976
22	40806291	41032723	MRTFA	503	1	0.001988
22	44351320	44392409	SAMM50	503	51	0.101392
22	46067676	46241187	ATXN10	503	10	0.019881
22	50247490	50283728	ZBED4	503	109	0.216700
22	50683610	50689694	HDAC10	503	10	0.019881
chr	posStart	posEnd	geneName	totSamples	NeanSamples	PropNean
2	3383444	3483342	TRAPPC12	503	12	0.023857
2	11319883	11485563	ROCK2	503	63	0.125249
2	11584499	11606303	E2F6	503	16	0.031809
2	27587217	27593324	EIF2B4	503	10	0.019881
2	27667242	27712610	IFT172	503	6	0.011928
2	27719704	27746551	GCKR	503	6	0.011928
2	27805834	27846084	ZNF512	503	15	0.029821
2	27994582	28002608	MRPL33	503	11	0.021869
2	28111574	28561768	BABAM2	503	11	0.021869
2	28718925	28867008	PLB1	503	36	0.071571
2	29117531	29171085	WDR43	503	3	0.005964
2	29320540	29406674	CLIP4	503	5	0.009940
2	29415638	30144452	ALK	503	71	0.141153
2	31133329	31361306	GALNT14	503	0	0.000000
2	31395920	31456823	CAPN14	503	9	0.017893
2	31557185	31637608	XDH	503	13	0.025845
2	31747548	31806007	SRD5A2	503	10	0.019881
2	32086370	32236132	MEMO1	503	0	0.000000
2	32582094	32843966	BIRC6	503	11	0.021869
2	32853115	33046118	TTC27	503	14	0.027833
2	33808725	33824429	FAM98A	503	27	0.053678
2	37208036	37311515	HEATR5B	503	45	0.089463
2	37311592	37326387	GPATCH11	503	45	0.089463
2	37326351	37384190	EIF2AK2	503	41	0.081511
2	37394961	37423230	SULT6B1	503	30	0.059642
2	37458772	37498508	NDUFAF7	503	33	0.065606
2	37477643	37544227	PRKD3	503	35	0.069583
2	38521094	38605726	ATL2	503	7	0.013917
2	47596448	47614159	EPCAM	503	2	0.003976
2	47630204	47710367	MSH2	503	2	0.003976
2	47736427	47798124	KCNK12	503	2	0.003976
2	48034057	48132932	FBXO11	503	103	0.204771
2	48667903	48742531	PPP1R21	503	107	0.212724
2	48757062	49003656	STON1-GTF2A1L	503	99	0.196819
2	48757306	48825654	STON1	503	99	0.196819
2	55861194	55920979	PNPT1	503	44	0.087475
2	64068096	64118696	UGP2	503	23	0.045726
2	65313986	65357435	RAB1A	503	0	0.000000
2	65454827	65498387	ACTR2	503	187	0.371769
2	67624463	67639221	ETAA1	503	95	0.188867
2	70883914	70995332	ADD2	503	34	0.067594
2	71205573	71212629	ANKRD53	503	31	0.061630
2	71213070	71222003	TEX261	503	31	0.061630
2	71680689	71913893	DYSF	503	30	0.059642
2	75889829	75938041	GCFC2	503	16	0.031809
2	76974847	77749559	LRRTM4	503	3	0.005964
2	79740058	80875993	CTNNA2	503	2	0.003976
2	84743620	85046713	DNAH6	503	62	0.123260
2	86247337	86333009	POLR1A	503	29	0.057654
2	86426554	86440917	MRPL35	503	5	0.009940
2	86441114	86565206	REEP1	503	5	0.009940
2	98703628	98929762	VWA3B	503	62	0.123260
2	99410307	99552688	KIAA1211L	503	48	0.095427
2	101623688	101767909	TBC1D8	503	9	0.017893
2	106682142	106694611	ECRG4	503	2	0.003976
2	106709757	106810795	UXS1	503	2	0.003976
2	109065660	109125871	GCC2	503	8	0.015905
2	118673055	118771646	CCDC93	503	73	0.145129
2	120517496	120742475	PTPN4	503	28	0.055666
2	120770651	120936695	EPB41L5	503	72	0.143141
2	134877504	135212192	MGAT5	503	2	0.003976
2	139426725	139537960	NXPH2	503	26	0.051690
2	140988990	142888585	LRP1B	503	61	0.121272
2	143635231	143813402	KYNU	503	10	0.019881
2	145425532	145834296	TEX41	503	1	0.001988
2	152266414	152338686	RIF1	503	2	0.003976
2	152341851	152591001	NEB	503	2	0.003976
2	154728433	155310491	GALNT13	503	259	0.514911
2	155555091	155714866	KCNJ3	503	2	0.003976
2	158851689	158992666	UPP2	503	1	0.001988
2	159023160	159092681	CCDC148-AS1	503	43	0.085487
2	159027583	159313265	CCDC148	503	43	0.085487
2	161128660	161350318	RBMS1	503	126	0.250497
2	161993464	162092741	TANK	503	38	0.075547
2	162164934	162268228	PSMD14	503	79	0.157058
2	163027192	163099955	FAP	503	11	0.021869
2	163123582	163175194	IFIH1	503	11	0.021869
2	165348925	165477992	GRB14	503	1	0.001988
2	165514439	165698586	COBLL1	503	17	0.033797
2	165944034	166060560	SCN3A	503	0	0.000000
2	166729870	166810286	TTC21B	503	4	0.007952
2	166813926	166892910	LOC102724058	503	5	0.009940
2	166841149	167005671	SCN1A	503	5	0.009940
2	167744995	168116263	XIRP2	503	2	0.003976
2	169312780	169631644	CERS6	503	9	0.017893
2	169983617	170219044	LRP2	503	102	0.202783
2	170385016	170430431	FASTKD1	503	0	0.000000
2	170501933	170550915	CCDC173	503	0	0.000000
2	171673198	171717661	GAD1	503	11	0.021869
2	172290734	172341562	DCAF17	503	1	0.001988
2	172378741	172414639	CYBRD1	503	1	0.001988
2	173292062	173371187	ITGA6	503	37	0.073559
2	173600571	173917621	RAPGEF4	503	15	0.029821
2	174219598	174233725	CDCA7	503	4	0.007952
2	178487970	178973066	PDE11A	503	0	0.000000
2	178977162	178994383	RBM45	503	0	0.000000
2	179059206	179267620	OSBPL6	503	23	0.045726
2	179345182	179381190	PLEKHA3	503	31	0.061630
2	179387552	179484944	TTN-AS1	503	28	0.055666
2	179390714	179672150	TTN	503	57	0.113320
2	179641651	179644690	LOC101927055	503	48	0.095427
2	179694482	179914864	CCDC141	503	54	0.107356
2	179966403	180129559	SESTD1	503	83	0.165010
2	180306707	180726339	ZNF385B	503	4	0.007952
2	182818966	182996112	PPP1R1C	503	0	0.000000
2	183580982	183659191	DNAJC10	503	6	0.011928
2	189156394	189460653	GULP1	503	14	0.027833
2	191894300	192016322	STAT4	503	8	0.015905
2	196602425	196933561	DNAH7	503	4	0.007952
2	196998305	197036302	STK17B	503	4	0.007952
2	197058794	197458278	HECW2	503	17	0.033797
2	197851384	198175504	ANKRD44	503	7	0.013917
2	211342407	211543831	CPS1	503	18	0.035785
2	212240440	213403526	ERBB4	503	41	0.081511
2	215590368	215674407	BARD1	503	25	0.049702
2	216974069	217071016	XRCC5	503	45	0.089463
2	220403667	220408531	CHPF	503	5	0.009940
2	220408383	220415317	TMEM198	503	5	0.009940
2	220415448	220436261	OBSL1	503	5	0.009940
2	222282745	222438922	EPHA4	503	3	0.005964
2	223725752	223809357	ACSL3	503	2	0.003976
2	232826291	233209060	DIS3L2	503	3	0.005964
2	238232653	238322850	COL6A3	503	3	0.005964
2	238707386	238751451	RBM44	503	30	0.059642
2	239229157	239309541	TRAF3IP1	503	81	0.161034
2	241938033	242034983	SNED1	503	1	0.001988
2	242011581	242041747	MTERF4	503	1	0.001988
2	242088986	242123067	PPP1R7	503	5	0.009940
2	242128090	242165391	ANO7	503	0	0.000000
2	242166677	242255257	HDLBP	503	4	0.007952
2	242295698	242434256	FARP2	503	4	0.007952
chr	posStart	posEnd	geneName	totSamples	NeanSamples	PropNean
3	2140485	3099645	CNTN4	503	91	0.180915
3	3168622	3195119	TRNT1	503	21	0.041750
3	3191315	3221401	CRBN	503	22	0.043738
3	10206601	10285429	IRAK2	503	1	0.001988
3	15642857	15764023	BTD	503	4	0.007952
3	15708741	15901321	ANKRD28	503	4	0.007952
3	19190000	19577134	KCNH8	503	5	0.009940
3	19920962	19988475	EFHB	503	224	0.445328
3	29322560	30051886	RBMS3	503	12	0.023857
3	30767690	30936153	GADL1	503	0	0.000000
3	31702315	32023342	OSBPL10	503	57	0.113320
3	32567461	32612416	DYNC1LI1	503	26	0.051690
3	32726678	32815367	CNOT10	503	19	0.037773
3	33840061	33911199	PDCD6IP	503	2	0.003976
3	37493630	37864998	ITGA9	503	4	0.007952
3	38887253	39093435	SCN11A	503	8	0.015905
3	39093505	39138162	WDR48	503	28	0.055666
3	39138088	39149854	GORASP1	503	28	0.055666
3	39149150	39180394	TTC21A	503	7	0.013917
3	39183340	39196132	CSRNP1	503	7	0.013917
3	39304983	39323226	CX3CR1	503	14	0.027833
3	41288088	42003595	ULK4	503	2	0.003976
3	45959393	46037316	FYCO1	503	117	0.232604
3	46616023	46623947	TDGF1	503	25	0.049702
3	46710483	46735169	ALS2CL	503	66	0.131213
3	46753605	46759359	PRSS50	503	70	0.139165
3	50192489	50226508	SEMA3F	503	11	0.021869
3	50384759	50388206	NPRL2	503	11	0.021869
3	50388291	50405628	CYB561D2	503	11	0.021869
3	50400042	50541675	CACNA2D2	503	11	0.021869
3	52350333	52434508	DNAH1	503	3	0.005964
3	52435022	52444024	BAP1	503	0	0.000000
3	52444674	52457657	PHF7	503	3	0.005964
3	52485114	52488057	TNNC1	503	0	0.000000
3	52529352	52558511	STAB1	503	3	0.005964
3	52558401	52569043	NT5DC2	503	3	0.005964
3	52579381	52719929	PBRM1	503	3	0.005964
3	52742458	52804965	NEK4	503	3	0.005964
3	52811613	52826084	ITIH1	503	3	0.005964
3	52828782	52843025	ITIH3	503	3	0.005964
3	52846976	52864717	ITIH4	503	3	0.005964
3	54156577	55108584	CACNA2D3	503	1	0.001988
3	56761446	57113296	ARHGEF3	503	42	0.083499
3	57094690	57109460	SPATA12	503	42	0.083499
3	57327726	57530071	DNAH12	503	37	0.073559
3	64077910	64253849	PRICKLE2	503	1	0.001988
3	66429219	66550845	LRIG1	503	3	0.005964
3	67410882	67705038	SUCLG2	503	1	0.001988
3	74311717	74570291	CNTN3	503	15	0.029821
3	99536704	99900576	CMSS1	503	9	0.017893
3	100428132	100467811	TFG	503	10	0.019881
3	100468177	100712334	ABI3BP	503	150	0.298211
3	105085555	105295744	ALCAM	503	17	0.033797
3	111451341	111695364	PHLDB2	503	34	0.067594
3	112323231	112359990	CCDC80	503	38	0.075547
3	112534554	112564797	CD200R1L	503	0	0.000000
3	113005775	113160361	CFAP44	503	39	0.077535
3	119187808	119213555	POGLUT1	503	70	0.139165
3	119243138	119278461	CD80	503	72	0.143141
3	119421867	119485949	MAATS1	503	13	0.025845
3	120403783	120461527	RABL3	503	36	0.071571
3	120627050	121143608	STXBP5L	503	55	0.109344
3	121150276	121264835	POLQ	503	52	0.103380
3	123328894	123603179	MYLK	503	34	0.067594
3	124480793	124620258	ITGB5	503	17	0.033797
3	128445024	128533641	RAB7A	503	66	0.131213
3	130064357	130203690	COL6A5	503	39	0.077535
3	130279176	130396981	COL6A6	503	2	0.003976
3	130397776	130465673	PIK3R4	503	2	0.003976
3	130569437	130735556	ATP2C1	503	15	0.029821
3	130745719	131069309	NEK11	503	16	0.031809
3	131043934	131100319	LOC339874	503	16	0.031809
3	132136344	132257876	DNAJC13	503	122	0.242545
3	132276980	132378975	ACAD11	503	105	0.208748
3	132276980	132441303	NPHP3-ACAD11	503	105	0.208748
3	133380840	133515485	TF	503	8	0.015905
3	141205867	141334198	RASA2	503	2	0.003976
3	141497041	141535892	GRK7	503	10	0.019881
3	141595483	141645391	ATP1B3	503	115	0.228628
3	141663268	141868386	TFDP2	503	81	0.161034
3	142984062	143567310	SLC9A9	503	22	0.043738
3	145910120	145968966	PLSCR4	503	0	0.000000
3	148583081	148614990	CPA3	503	43	0.085487
3	148847423	148891519	HPS3	503	26	0.051690
3	148880199	148939616	CP	503	45	0.089463
3	149456255	149470286	COMMD2	503	18	0.035785
3	150804583	151154465	MED12L	503	1	0.001988
3	151054629	151102600	P2RY12	503	1	0.001988
3	151151280	151176497	IGSF10	503	1	0.001988
3	153838790	153975616	ARHGEF26	503	125	0.248509
3	154741911	154901518	MME	503	18	0.035785
3	156977529	157221394	VEPH1	503	9	0.017893
3	166958073	167098085	ZBBX	503	18	0.035785
3	167196470	167375711	WDR49	503	4	0.007952
3	169556958	169587723	LRRC31	503	2	0.003976
3	170075501	170114637	SKIL	503	12	0.023857
3	183948139	183960117	VWA5B2	503	21	0.041750
3	183960087	183967313	ALG3	503	21	0.041750
3	183967458	184010819	EEF1AKMT4-ECE2	503	22	0.043738
3	183993808	184010819	ECE2	503	22	0.043738
3	184017027	184026838	PSMD2	503	21	0.041750
3	190146442	190167665	TMEM207	503	39	0.077535
3	190917028	190983404	OSTN	503	13	0.025845
3	191047181	191116448	CCDC50	503	44	0.087475
3	193116754	193272684	ATP13A4	503	9	0.017893
3	194995472	195163749	ACAP2	503	13	0.025845
3	196439246	196462878	PIGX	503	8	0.015905
3	196466726	196559518	PAK2	503	7	0.013917
chr	posStart	posEnd	geneName	totSamples	NeanSamples	PropNean
4	2965296	3042487	GRK4	503	1	0.001988
4	3076406	3245687	HTT	503	1	0.001988
4	6027924	6202276	JAKMIP1	503	20	0.039761
4	10075961	10118423	WDR1	503	12	0.023857
4	10488017	10686392	CLNK	503	18	0.035785
4	42112868	42154672	BEND4	503	33	0.065606
4	55944646	55991762	KDR	503	0	0.000000
4	56294066	56413076	CLOCK	503	44	0.087475
4	56422684	56458412	PDCL2	503	73	0.145129
4	56461396	56502960	NMU	503	74	0.147117
4	81106422	81125483	PRDM8	503	93	0.184891
4	81256872	81884910	CFAP299	503	3	0.005964
4	83739660	83821724	SEC31A	503	15	0.029821
4	83956334	83996971	COPS4	503	18	0.035785
4	99792833	99851788	EIF4E	503	0	0.000000
4	100432176	100463460	C4orf17	503	0	0.000000
4	100485233	100545154	MTTP	503	0	0.000000
4	100737982	100791347	DAPP1	503	55	0.109344
4	106067030	106200960	TET2	503	15	0.029821
4	106092509	106274038	TET2-AS1	503	15	0.029821
4	106473775	106602071	ARHGEF38	503	29	0.057654
4	106603782	106629881	INTS12	503	63	0.125249
4	113627172	114304896	ANK2	503	33	0.065606
4	114372186	114683083	CAMK2D	503	52	0.103380
4	115519556	115599381	UGT8	503	47	0.093439
4	115748917	116034776	NDST4	503	14	0.027833
4	119201191	119274158	PRSS12	503	86	0.170974
4	119606545	119636585	METTL14	503	52	0.103380
4	121613066	121844021	PRDM5	503	233	0.463221
4	122052561	122148638	TNIP3	503	26	0.051690
4	123091756	123283914	KIAA1109	503	80	0.159046
4	123300164	123350939	ADAD1	503	78	0.155070
4	123531261	123542221	IL21	503	78	0.155070
4	128554110	128647892	INTU	503	20	0.039761
4	128702949	128761888	HSPA4L	503	20	0.039761
4	128802046	128820379	PLK4	503	20	0.039761
4	128838885	128887118	MFSD8	503	20	0.039761
4	128886559	128961082	ABHD18	503	20	0.039761
4	128982465	129144081	LARP1B	503	11	0.021869
4	146678777	146859975	ZNF827	503	42	0.083499
4	150272859	150736995	IQCM	503	35	0.069583
4	151185585	151936879	LRBA	503	1	0.001988
4	153701087	153833509	ARFIP1	503	33	0.065606
4	154265799	154336270	MND1	503	22	0.043738
4	155152892	155412951	DCHS2	503	68	0.135189
4	156680171	156728926	GUCY1B1	503	10	0.019881
4	156750879	156787429	ASIC5	503	34	0.067594
4	162305042	163085186	FSTL5	503	5	0.009940
4	166248816	166264316	MSMO1	503	67	0.133201
4	169013686	169108887	ANXA10	503	44	0.087475
4	169277884	169401665	DDX60L	503	147	0.292247
4	175157807	175204818	FBXO8	503	6	0.011928
4	175205053	175254531	CEP44	503	6	0.011928
4	175411324	175444049	HPGD	503	31	0.061630
4	176986990	177103966	WDR17	503	24	0.047714
4	177134822	177190373	ASB5	503	202	0.401590
4	178351926	178363657	AGA	503	2	0.003976
4	187508946	187645010	FAT1	503	33	0.065606
chr	posStart	posEnd	geneName	totSamples	NeanSamples	PropNean
5	892997	918235	TRIP13	503	37	0.073559
5	5140441	5320417	ADAMTS16	503	3	0.005964
5	6713543	6757157	TENT4A	503	29	0.057654
5	7396249	7830194	ADCY2	503	10	0.019881
5	7859270	7869150	FASTKD3	503	18	0.035785
5	7869259	7901226	MTRR	503	19	0.037773
5	10971946	11904558	CTNND2	503	16	0.031809
5	19471403	20575822	CDH18	503	5	0.009940
5	31400599	31532200	DROSHA	503	23	0.045726
5	31532371	31555165	C5orf22	503	22	0.043738
5	31639236	32111038	PDZD2	503	28	0.055666
5	32227111	32313045	MTMR12	503	21	0.041750
5	34929662	34959069	DNAJC21	503	66	0.131213
5	35904388	35938881	CAPSL	503	1	0.001988
5	36098507	36151989	LMBRD2	503	64	0.127237
5	38845958	38935743	OSMR	503	6	0.011928
5	38938020	39074501	RICTOR	503	1	0.001988
5	41730165	41870527	OXCT1	503	1	0.001988
5	42423539	42721980	GHR	503	5	0.009940
5	42756918	42802541	CCDC152	503	5	0.009940
5	43526367	43557521	PAIP1	503	10	0.019881
5	43573285	43603332	NNT-AS1	503	38	0.075547
5	43602775	43707498	NNT	503	41	0.081511
5	49961763	50142353	PARP8	503	1	0.001988
5	56111374	56191979	MAP3K1	503	91	0.180915
5	57877977	58155221	RAB3C	503	165	0.328032
5	60169657	60240905	ERCC8	503	48	0.095427
5	60241030	60448853	NDUFAF2	503	47	0.093439
5	67511582	67597649	PIK3R1	503	37	0.073559
5	82348663	82373213	TMEM167A	503	2	0.003976
5	82373226	82649606	XRCC4	503	1	0.001988
5	86563698	86687743	RASA1	503	1	0.001988
5	86607286	86708850	CCNH	503	1	0.001988
5	94041240	94620279	MCTP1	503	2	0.003976
5	96096512	96149848	ERAP1	503	133	0.264414
5	96211641	96255420	ERAP2	503	53	0.105368
5	101707476	101834705	SLCO6A1	503	11	0.021869
5	108083596	108532542	FER	503	12	0.023857
5	111478135	111754974	EPB41L4A	503	25	0.049702
5	115140428	115152356	CDO1	503	6	0.011928
5	115298170	115363303	LVRN	503	10	0.019881
5	115420720	115628987	COMMD10	503	3	0.005964
5	122424934	122529960	PRDM6	503	11	0.021869
5	125695810	125830056	GRAMD2B	503	2	0.003976
5	131630085	131679883	SLC22A4	503	4	0.007952
5	131646967	131705608	MIR3936HG	503	4	0.007952
5	132211085	132299326	AFF4	503	6	0.011928
5	132387703	132442141	HSPA4	503	31	0.061630
5	140710250	140892546	PCDHGA1	503	10	0.019881
5	140718325	140892542	PCDHGA2	503	10	0.019881
5	140723394	140892542	PCDHGA3	503	10	0.019881
5	140729826	140892546	PCDHGB1	503	10	0.019881
5	140734586	140892542	PCDHGA4	503	10	0.019881
5	140739701	140892546	PCDHGB2	503	10	0.019881
5	140743896	140892546	PCDHGA5	503	10	0.019881
5	140749807	140892542	PCDHGB3	503	10	0.019881
5	140753456	140892542	PCDHGA6	503	10	0.019881
5	140762307	140892542	PCDHGA7	503	10	0.019881
5	140767450	140892542	PCDHGB4	503	10	0.019881
5	140771481	140892546	PCDHGA8	503	10	0.019881
5	140777693	140892546	PCDHGB5	503	10	0.019881
5	140782518	140892546	PCDHGA9	503	10	0.019881
5	140787768	140892546	PCDHGB6	503	10	0.019881
5	140792741	140892546	PCDHGA10	503	10	0.019881
5	140797242	140892542	PCDHGB7	503	10	0.019881
5	140800616	140892542	PCDHGA11	503	10	0.019881
5	140810072	140892542	PCDHGA12	503	10	0.019881
5	140855531	140892542	PCDHGC3	503	10	0.019881
5	140864739	140892546	PCDHGC4	503	10	0.019881
5	140894586	140998567	DIAPH1	503	10	0.019881
5	141032967	141061797	ARAP3	503	74	0.147117
5	145463874	145485140	PLAC8L1	503	216	0.429423
5	145492587	145562350	LARS1	503	217	0.431412
5	145826894	145891524	TCERG1	503	90	0.178926
5	146939555	147041572	JAKMIP2-AS1	503	2	0.003976
5	146964999	147162291	JAKMIP2	503	2	0.003976
5	147204141	147218794	SPINK1	503	0	0.000000
5	147443533	147516945	SPINK5	503	32	0.063618
5	147647868	147763413	LOC102546294	503	1	0.001988
5	147691984	147695482	SPINK7	503	1	0.001988
5	147763496	147822399	FBXO38	503	1	0.001988
5	148521008	148640002	ABLIM3	503	4	0.007952
5	148961059	149014531	ARHGEF37	503	4	0.007952
5	149493400	149535408	PDGFRB	503	2	0.003976
5	149737200	149779871	TCOF1	503	64	0.127237
5	150480265	150537340	ANXA6	503	120	0.238569
5	150694531	150727120	SLC36A2	503	3	0.005964
5	153369706	153418470	FAM114A2	503	2	0.003976
5	156512841	156536055	HAVCR2	503	4	0.007952
5	156607905	156682109	ITK	503	21	0.041750
5	159990125	160279218	ATP10B	503	19	0.037773
5	167913474	167946306	RARS1	503	156	0.310139
5	168088743	168728143	SLIT3	503	212	0.421471
5	168133930	168147889	LOC101927969	503	188	0.373757
5	168690603	168690698	MIR585	503	0	0.000000
5	169064277	169510386	DOCK2	503	0	0.000000
5	176560078	176727214	NSD1	503	25	0.049702
5	178368197	178393434	ZNF454	503	1	0.001988
5	179921377	180005358	CNOT6	503	31	0.061630
chr	posStart	posEnd	geneName	totSamples	NeanSamples	PropNean
6	3000048	3020110	NQO2	503	15	0.029821
6	6144315	6320895	F13A1	503	28	0.055666
6	17393734	17558023	CAP2	503	32	0.063618
6	17759412	17987866	KIF13A	503	40	0.079523
6	18224089	18264761	DEK	503	5	0.009940
6	18387579	18469105	RNF144B	503	26	0.051690
6	25279600	25620758	CARMIL1	503	34	0.067594
6	26021905	26022278	H4C1	503	27	0.053678
6	26597179	26600967	ABT1	503	108	0.214712
6	27100093	27100575	H2BC11	503	98	0.194831
6	27834568	27835359	H1-5	503	0	0.000000
6	28058583	28063493	ZSCAN12P1	503	55	0.109344
6	33551474	33556803	GGNBP1	503	188	0.373757
6	33553881	33561115	LINC00336	503	188	0.373757
6	33762448	33771780	MLN	503	143	0.284294
6	35465649	35480673	TULP1	503	73	0.145129
6	35541360	35696360	FKBP5	503	0	0.000000
6	37598453	37665659	MDGA1	503	18	0.035785
6	39297764	39693199	KIF6	503	20	0.039761
6	40994632	41006960	UNC5CL	503	4	0.007952
6	41020938	41032630	APOBEC2	503	4	0.007952
6	41032509	41065526	OARD1	503	4	0.007952
6	41040711	41070142	NFYA	503	4	0.007952
6	41116996	41122087	TREML1	503	4	0.007952
6	41176290	41185685	TREML3P	503	13	0.025845
6	41196085	41206620	TREML4	503	13	0.025845
6	41873089	41888877	MED20	503	20	0.039761
6	42931601	42946919	PEX6	503	23	0.045726
6	43027330	43042831	KLC4	503	27	0.053678
6	43044050	43129458	PTK7	503	42	0.083499
6	43149932	43192325	CUL9	503	57	0.113320
6	43265996	43273276	SLC22A7	503	87	0.172962
6	43484760	43530144	POLR1C	503	63	0.125249
6	43490066	43543812	XPO5	503	63	0.125249
6	44776792	45345671	SUPT3H	503	48	0.095427
6	45866186	46097556	CLIC5	503	4	0.007952
6	51480095	51952411	PKHD1	503	46	0.091451
6	52285138	52361996	EFHC1	503	61	0.121272
6	54173237	54254940	TINAG	503	5	0.009940
6	55299169	55444012	HMGCLL1	503	0	0.000000
6	56322783	56819628	DST	503	227	0.451292
6	56708782	56729136	DST-AS1	503	180	0.357853
6	64429874	66417119	EYS	503	111	0.220676
6	70576446	70922171	COL19A1	503	49	0.097416
6	71123105	71270877	FAM135A	503	7	0.013917
6	71377584	71571718	SMAP1	503	29	0.057654
6	73331569	73908574	KCNQ5	503	4	0.007952
6	75794040	75915769	COL12A1	503	18	0.035785
6	76311223	76427997	SENP6	503	10	0.019881
6	76458954	76629254	MYO6	503	14	0.027833
6	82879702	82957461	IBTK	503	21	0.041750
6	88757557	88776556	SPACA1	503	2	0.003976
6	89790468	89794879	PNRC1	503	23	0.045726
6	89887221	89941007	GABRR1	503	20	0.039761
6	99817275	99842071	COQ3	503	151	0.300199
6	99880180	99963365	USP45	503	176	0.349901
6	99990261	100016690	CCNC	503	173	0.343936
6	100956068	101329248	ASCC3	503	17	0.033797
6	105721091	105850957	PREP	503	2	0.003976
6	106808590	107019892	CRYBG1	503	22	0.043738
6	108362611	108395945	OSTM1	503	20	0.039761
6	109169617	109295679	ARMC2	503	19	0.037773
6	111408704	111552397	SLC16A10	503	147	0.292247
6	111580540	111592370	MFSD4B	503	153	0.304175
6	116252310	116382054	FRK	503	1	0.001988
6	116422014	116570660	NT5DC1	503	1	0.001988
6	116440070	116447295	COL10A1	503	1	0.001988
6	117198403	117253324	RFX6	503	10	0.019881
6	117609528	117747018	ROS1	503	138	0.274354
6	121400638	121655875	TBC1D32	503	10	0.019881
6	129204281	129837711	LAMA2	503	8	0.015905
6	130339724	130462594	L3MBTL3	503	90	0.178926
6	133135706	133138703	RPS12	503	73	0.145129
6	134210249	134216675	TCF21	503	4	0.007952
6	134273306	134311570	TBPL1	503	1	0.001988
6	137518619	137540567	IFNGR1	503	6	0.011928
6	138743178	138893706	NHSL1	503	33	0.065606
6	144471652	144513076	STX11	503	1	0.001988
6	144612871	145174170	UTRN	503	2	0.003976
6	147829824	147891157	SAMD5	503	54	0.107356
6	148593462	148873186	SASH1	503	96	0.190855
6	157097158	157531913	ARID1B	503	24	0.047714
6	157802220	158099189	ZDHHC14	503	19	0.037773
6	168227242	168372702	AFDN	503	27	0.053678
6	168841862	169068672	SMOC2	503	8	0.015905
chr	posStart	posEnd	geneName	totSamples	NeanSamples	PropNean
7	2273828	2281840	MRM2	503	39	0.077535
7	2393719	2420380	EIF3B	503	1	0.001988
7	5229862	5273486	WIPI2	503	5	0.009940
7	5494054	5553440	FBXL18	503	4	0.007952
7	5659676	5821294	RNF216	503	22	0.043738
7	6144578	6201195	USP42	503	19	0.037773
7	6201408	6312255	CYTH3	503	19	0.037773
7	6448745	6487643	DAGLB	503	42	0.083499
7	6500718	6523783	KDELR2	503	40	0.079523
7	7397504	7575504	COL28A1	503	8	0.015905
7	8008425	8128710	GLCCI1	503	67	0.133201
7	11013497	11209245	PHF14	503	30	0.059642
7	12250918	12282993	TMEM106B	503	75	0.149105
7	12610344	12699807	SCIN	503	18	0.035785
7	13930852	14031050	ETV1	503	39	0.077535
7	14184672	15014483	DGKB	503	31	0.061630
7	19184403	19185044	FERD3L	503	4	0.007952
7	19758936	19813240	TMEM196	503	31	0.061630
7	20655288	20796631	ABCB5	503	62	0.123260
7	21467699	21554440	SP4	503	8	0.015905
7	21582655	21941457	DNAH11	503	3	0.005964
7	24737972	24797558	GSDME	503	66	0.131213
7	27778990	27869386	TAX1BP1	503	112	0.222664
7	27870194	28220414	JAZF1	503	114	0.226640
7	28338938	28865511	CREB5	503	1	0.001988
7	29034250	29235067	CPVL	503	24	0.047714
7	31790791	32467836	PDE1C	503	16	0.031809
7	38217845	38270270	STARD3NL	503	122	0.242545
7	38423295	38671167	AMPH	503	127	0.252485
7	38762572	38948800	VPS41	503	88	0.174950
7	40174573	40900366	SUGCT	503	1	0.001988
7	42000545	42276808	GLI3	503	75	0.149105
7	43152244	43605600	HECW1	503	186	0.369781
7	44605014	44614137	DDX56	503	77	0.153082
7	44646224	44748665	OGDH	503	40	0.079523
7	50526132	50633102	DDC	503	120	0.238569
7	55538299	55640195	VOPP1	503	14	0.027833
7	56032276	56067872	NIPSNAP2	503	57	0.113320
7	70597128	71178584	GALNT17	503	26	0.051690
7	76940066	77045666	GSAP	503	103	0.204771
7	77166610	77269386	PTPN12	503	25	0.049702
7	77428088	77586821	PHTF2	503	0	0.000000
7	81575758	82073272	CACNA2D1	503	1	0.001988
7	94536904	94925727	PPP1R9A	503	3	0.005964
7	95212809	95225828	PDK4	503	16	0.031809
7	97736172	97838950	LMTK2	503	27	0.053678
7	100797755	100804557	AP1S1	503	0	0.000000
7	100813775	100823574	NAT16	503	0	0.000000
7	100838286	100844317	MOGAT3	503	7	0.013917
7	101256608	101272576	MYL10	503	45	0.089463
7	104654635	104755466	KMT2E	503	3	0.005964
7	105172526	105208131	RINT1	503	3	0.005964
7	105205553	105221989	EFCAB10	503	3	0.005964
7	128516917	128550763	KCP	503	1	0.001988
7	128594232	128695227	TNPO3	503	96	0.190855
7	128695275	128697293	TPI1P2	503	97	0.192843
7	128828472	128853386	SMO	503	28	0.055666
7	128864869	129070052	AHCYL2	503	29	0.057654
7	129470570	129592800	UBE2H	503	95	0.188867
7	129804551	129845246	TMEM209	503	200	0.397614
7	129906701	129929638	CPA2	503	233	0.463221
7	134868589	134896278	WDR91	503	2	0.003976
7	154735398	154794834	PAXIP1	503	1	0.001988
7	156461704	156685902	LMBR1	503	42	0.083499
7	156931618	157062064	UBE3C	503	57	0.113320
7	157331744	158380515	PTPRN2	503	50	0.099404
7	158820864	158937649	VIPR2	503	14	0.027833
chr	posStart	posEnd	geneName	totSamples	NeanSamples	PropNean
8	2792881	4852436	CSMD1	503	164	0.326044
8	12803180	12887286	TRMT9B	503	58	0.115308
8	16884745	16980151	MICU3	503	50	0.099404
8	17104399	17190964	VPS37A	503	188	0.373757
8	17154301	17270860	MTMR7	503	191	0.379722
8	17780364	17887457	PCM1	503	32	0.063618
8	18384811	18871213	PSD3	503	38	0.075547
8	19261670	19615540	CSGALNACT1	503	2	0.003976
8	21547908	21646387	GFRA2	503	2	0.003976
8	22022883	22069839	BMP1	503	71	0.141153
8	25699239	25902929	EBF2	503	43	0.085487
8	26149022	26230196	PPP2R2A	503	30	0.059642
8	26240568	26270643	BNIP3L	503	30	0.059642
8	29952922	29995864	LEPROTL1	503	8	0.015905
8	30013883	30041155	DCTN6	503	5	0.009940
8	41386778	41402549	GINS4	503	36	0.071571
8	79645005	79717758	IL7	503	62	0.123260
8	87484576	87526586	RMDN1	503	0	0.000000
8	98881290	99048952	MATN2	503	90	0.178926
8	101585100	101661893	SNX31	503	1	0.001988
8	102504665	102681954	GRHL2	503	5	0.009940
8	103216727	103251189	RRM2B	503	33	0.065606
8	103264499	103424928	UBR5	503	31	0.061630
8	103838528	103876428	AZIN1	503	116	0.230616
8	104033309	104085279	ATP6V1C1	503	97	0.192843
8	104410864	104427563	SLC25A32	503	60	0.119284
8	104512836	105268322	RIMS2	503	157	0.312127
8	123793892	123986750	ZHX2	503	7	0.013917
8	124780677	124827692	FAM91A1	503	23	0.045726
8	124864225	125132302	FER1L6	503	2	0.003976
8	125058310	125183763	FER1L6-AS2	503	2	0.003976
8	130760440	130798870	GSDMC	503	30	0.059642
8	131064348	131455920	ASAP1	503	86	0.170974
8	132916338	133025889	EFR3A	503	7	0.013917
chr	posStart	posEnd	geneName	totSamples	NeanSamples	PropNean
9	6720861	7175648	KDM4C	503	13	0.025845
9	12693383	12710285	TYRP1	503	57	0.113320
9	18474149	18910948	ADAMTSL1	503	37	0.073559
9	27284650	27297148	EQTN	503	2	0.003976
9	32972602	33025118	APTX	503	93	0.184891
9	33025199	33039905	DNAJA1	503	92	0.182903
9	33041761	33076672	SMU1	503	91	0.180915
9	33921689	34049197	UBAP2	503	128	0.254473
9	34458748	34520987	DNAI1	503	69	0.137177
9	34621044	34629052	ARID3C	503	71	0.141153
9	34646584	34651032	GALT	503	74	0.147117
9	34652180	34661899	IL11RA	503	75	0.149105
9	71320154	71624092	PIP5K1B	503	10	0.019881
9	71394979	71400482	FAM122A	503	10	0.019881
9	71939486	72007389	FAM189A2	503	11	0.021869
9	73143974	74061887	TRPM3	503	5	0.009940
9	79000440	79009342	RFK	503	46	0.091451
9	79792359	80036453	VPS13A	503	13	0.025845
9	80850989	80894606	CEP78	503	13	0.025845
9	86237962	86259045	IDNK	503	13	0.025845
9	86582996	86595697	HNRNPK	503	13	0.025845
9	91926108	91931618	CKS2	503	86	0.170974
9	91975700	92113028	SEMA4D	503	86	0.170974
9	93976095	94124251	AUH	503	87	0.172962
9	94484881	94712510	ROR2	503	67	0.133201
9	94793427	94877695	SPTLC1	503	26	0.051690
9	94972487	95056038	IARS1	503	24	0.047714
9	95059638	95087876	NOL8	503	24	0.047714
9	95087748	95382811	CENPP	503	33	0.065606
9	95218485	95244788	ASPN	503	24	0.047714
9	95375463	95432413	IPPK	503	33	0.065606
9	95947210	96082854	WNK2	503	43	0.085487
9	98205260	98279339	PTCH1	503	2	0.003976
9	98637971	98780729	ERCC6L2	503	21	0.041750
9	99516829	99540411	ZNF510	503	6	0.011928
9	101494289	101558837	ANKS6	503	7	0.013917
9	101569950	101612363	GALNT12	503	47	0.093439
9	103791007	104087417	PLPPR1	503	17	0.033797
9	104331632	104500929	GRIN3A	503	165	0.328032
9	108210313	108314714	FSD1L	503	8	0.015905
9	108320409	108403399	FKTN	503	8	0.015905
9	110045558	110094475	RAD23B	503	70	0.139165
9	110247131	110252050	KLF4	503	19	0.037773
9	111934252	112083244	EPB41L4B	503	3	0.005964
9	112403066	112934792	PALM2AKAP2	503	102	0.202783
9	113127526	113342021	SVEP1	503	167	0.332008
9	114122963	114246663	ECPAS	503	67	0.133201
9	114287457	114340397	ZNF483	503	62	0.123260
9	114312000	114362135	PTGR1	503	62	0.123260
9	115513038	115637267	SNX30	503	106	0.210736
9	116207008	116360023	RGS3	503	48	0.095427
9	125512125	125513062	OR1L6	503	37	0.073559
9	128509650	128729656	PBX3	503	7	0.013917
9	130159415	130170177	SLC2A8	503	1	0.001988
9	130267620	130341310	NIBAN2	503	1	0.001988
9	130469265	130478281	CFAP157	503	2	0.003976
9	130478356	130493869	TTC16	503	2	0.003976
9	130500594	130540945	SH2D3C	503	2	0.003976
9	130683158	130693056	PIP5KL1	503	2	0.003976
9	130697372	130700763	DPM2	503	2	0.003976
9	131133596	131154295	URM1	503	1	0.001988
9	131217432	131263571	ODF2	503	5	0.009940
9	132589567	132597554	C9orf78	503	14	0.027833
9	132597694	132644117	USP20	503	13	0.025845
9	132649464	132805468	FNBP1	503	13	0.025845
9	132815983	132902448	GPR107	503	23	0.045726
9	133589266	133763062	ABL1	503	2	0.003976
9	133777823	133814634	FIBCD1	503	2	0.003976
9	133884559	133969860	LAMC3	503	6	0.011928
9	134305475	134375578	PRRC2B	503	12	0.023857
9	135600963	135754433	AK8	503	39	0.077535
9	136215071	136218281	RPL7A	503	76	0.151093
9	136218611	136223363	SURF1	503	77	0.153082
9	136223424	136228034	SURF2	503	77	0.153082
9	136228323	136244820	SURF4	503	77	0.153082
9	136279457	136324525	ADAMTS13	503	39	0.077535
9	138585251	138591327	SOHLH1	503	5	0.009940
9	139971967	139978990	UAP1L1	503	3	0.005964
9	139981435	140003635	MAN1B1	503	3	0.005964
9	140004996	140009185	DPP7	503	3	0.005964
