chr	posStart	posEnd	geneName	totSamples	NeanSamples	PropNean
10	176026	300577	ZMYND11	201	2	0.009950
10	320139	735608	DIP2C	201	1	0.004975
10	1223251	1779719	ADARB2	192	1	0.005208
10	4868367	4890254	AKR1E2	201	18	0.089552
10	5726799	5805703	TASOR2	201	2	0.009950
10	5903577	5931860	ANKRD16	201	14	0.069652
10	5931533	5979558	FBH1	201	14	0.069652
10	6052650	6104330	IL2RA	201	21	0.104478
10	6130995	6159422	RBM17	201	13	0.064677
10	11495943	11653788	USP6NL	197	48	0.243655
10	11962019	12085169	UPF2	201	34	0.169154
10	12110951	12165220	DHTKD1	201	36	0.179104
10	12238185	12292588	CDC123	201	1	0.004975
10	13685704	14372923	FRMD4A	201	0	0.000000
10	16865963	17171810	CUBN	201	18	0.089552
10	17686148	17758823	STAM	201	23	0.114428
10	23983654	24836777	KIAA1217	201	35	0.174129
10	27035523	27150016	ABI1	200	2	0.010000
10	27399038	27443349	YME1L1	201	2	0.009950
10	27471765	27531040	ACBD5	178	0	0.000000
10	27793101	27831168	RAB18	201	2	0.009950
10	28339920	28591993	MPP7	201	2	0.009950
10	33189244	33247158	ITGB1	201	3	0.014925
10	38047464	38147031	ZNF248	201	30	0.149254
10	43689979	43762513	RASGEF1A	201	2	0.009950
10	44124263	44170147	ZNF32-AS3	201	7	0.034826
10	44139305	44144329	ZNF32	201	7	0.034826
10	44139318	44140495	ZNF32-AS1	201	7	0.034826
10	60936401	61007534	PHYHIPL	194	1	0.005155
10	61548503	61666314	CCDC6	201	7	0.034826
10	61786054	62493286	ANK3	201	51	0.253731
10	63166398	63213139	TMEM26	195	0	0.000000
10	70091448	70102953	HNRNPH3	199	31	0.155779
10	70173819	70231878	DNA2	201	35	0.174129
10	70480994	70552134	CCAR1	201	44	0.218905
10	70661069	70706603	DDX50	189	44	0.232804
10	70715924	70744825	DDX21	201	60	0.298507
10	71561660	71718900	COL13A1	201	36	0.179104
10	72058724	72142406	LRRC20	201	23	0.114428
10	73079008	73123147	SLC29A3	201	0	0.000000
10	73156675	73575704	CDH23	201	0	0.000000
10	75669725	75682535	C10orf55	201	8	0.039801
10	75670857	75677259	PLAU	201	8	0.039801
10	78629357	79397566	KCNMA1	201	9	0.044776
10	86088343	86278277	CCSER2	200	34	0.170000
10	87359307	88126552	GRID1	201	31	0.154229
10	88414302	88426217	OPN4	201	14	0.069652
10	89623380	89731687	PTEN	201	3	0.014925
10	90521161	90537999	LIPN	201	0	0.000000
10	90579651	90611601	ANKRD22	201	3	0.014925
10	90694829	90751154	ACTA2	201	3	0.014925
10	91190054	91295351	SLC16A12	201	36	0.179104
10	91215746	91227908	SLC16A12-AS1	201	36	0.179104
10	91461345	91534700	KIF20B	201	1	0.004975
10	92631707	92668313	RPP30	201	2	0.009950
10	94211439	94333852	IDE	201	9	0.044776
10	94352885	94415152	KIF11	171	6	0.035088
10	95066184	95242091	MYOF	201	33	0.164179
10	95256367	95288849	CEP55	201	51	0.253731
10	96162296	96296089	TBC1D12	201	1	0.004975
10	96305522	96361856	HELLS	201	1	0.004975
10	97071528	97321128	SORBS1	201	1	0.004975
10	97512961	97849992	ENTPD1-AS1	179	13	0.072626
10	97667720	97792441	CC2D2B	179	13	0.072626
10	97889470	97965047	ZNF518A	191	21	0.109948
10	97951453	98031333	BLNK	191	21	0.109948
10	98277865	98346769	TM9SF3	200	7	0.035000
10	98353070	98480271	PIK3AP1	201	12	0.059701
10	111967361	112047123	MXI1	201	0	0.000000
10	112050486	112064678	SMNDC1	201	0	0.000000
10	114133872	114188138	ACSL5	201	2	0.009950
10	121485557	121588663	INPP5F	201	21	0.104478
10	121588914	121633140	MCMBP	201	21	0.104478
10	121652240	121704169	SEC23IP	201	20	0.099502
10	124030809	124097685	BTBD16	201	13	0.064677
10	124221067	124274423	HTRA1	201	12	0.059701
10	126490386	126525236	ABRAXAS2	201	29	0.144279
10	128593976	129250781	DOCK1	201	30	0.149254
10	129705365	129884119	PTPRE	188	1	0.005319
10	129855994	129860689	AS-PTPRE	188	1	0.005319
10	129894921	129924687	MKI67	201	41	0.203980
10	134351289	134596984	INPP5A	201	6	0.029851
chr	posStart	posEnd	geneName	totSamples	NeanSamples	PropNean
11	790473	798281	SLC25A22	199	0	0.000000
11	1244294	1283402	MUC5B	200	7	0.035000
11	3696238	3818784	NUP98	201	22	0.109453
11	4790207	4791168	OR51F1	201	37	0.184080
11	6518508	6593255	DNHD1	201	4	0.019900
11	6616300	6624846	RRP8	201	4	0.019900
11	8060178	8127654	TUB	201	0	0.000000
11	8633582	8680383	TRIM66	201	27	0.134328
11	8714897	8932498	DENND2B	201	0	0.000000
11	8932734	8941626	AKIP1	201	9	0.044776
11	8941621	8954494	C11orf16	201	9	0.044776
11	9002121	9025548	NRIP3	201	8	0.039801
11	9041021	9113146	SCUBE2	201	7	0.034826
11	9406197	9469674	IPO7	201	27	0.134328
11	9779838	9832866	SBF2-AS1	201	2	0.009950
11	9800212	10315754	SBF2	201	2	0.009950
11	10562781	10621479	MRVI1-AS1	201	6	0.029851
11	10594636	10715535	MRVI1	201	6	0.029851
11	11863517	11983434	USP47	201	63	0.313433
11	11984524	12030917	DKK3	200	0	0.000000
11	13690213	13753893	FAR1	201	23	0.114428
11	20409074	20530884	PRMT3	201	1	0.004975
11	20621152	20680831	SLC6A5	199	5	0.025126
11	20691095	21597232	NELL1	201	5	0.024876
11	24518597	25104184	LUZP2	201	3	0.014925
11	26210668	26684836	ANO3	201	15	0.074627
11	30031275	30038577	KCNA4	200	8	0.040000
11	32409319	32457085	WT1	201	26	0.129353
11	33106128	33183037	CSTF3	201	3	0.014925
11	36505317	36531822	TRAF6	177	3	0.016949
11	36589561	36601312	RAG1	201	0	0.000000
11	44117097	44273531	EXT2	201	0	0.000000
11	47440318	47448024	PSMC3	201	1	0.004975
11	47459313	47470688	RAPSN	201	1	0.004975
11	47586980	47595013	PTPMT1	201	1	0.004975
11	47600624	47606114	NDUFS3	201	1	0.004975
11	47799633	47870096	NUP160	201	1	0.004975
11	48002109	48192391	PTPRJ	201	20	0.099502
11	56184732	56185708	OR5R1	201	30	0.149254
11	57067114	57092426	TNKS1BP1	201	14	0.069652
11	57093460	57103366	SSRP1	201	15	0.074627
11	57105824	57139869	P2RX3	201	14	0.069652
11	57791351	57949088	OR9Q1	199	0	0.000000
11	60552804	60568778	MS4A10	201	1	0.004975
11	61281184	61348548	SYT7	178	0	0.000000
11	68671317	68708069	IGHMBP2	201	5	0.024876
11	71639766	71708643	RNF121	199	2	0.010050
11	71996537	72145728	CLPB	201	16	0.079602
11	73019319	73080433	ARHGEF17	201	1	0.004975
11	73111530	73309157	FAM168A	181	1	0.005525
11	73357624	73373864	PLEKHB1	201	2	0.009950
11	74041359	74109478	PGM2L1	191	1	0.005236
11	83166053	85339417	DLG2	200	20	0.100000
11	85405262	85522202	SYTL2	201	10	0.049751
11	86152148	86383678	ME3	201	25	0.124378
11	86502111	86663952	PRSS23	201	41	0.203980
11	89867829	89926062	NAALAD2	201	20	0.099502
11	89933595	89956532	CHORDC1	197	19	0.096447
11	91958198	92629639	FAT3	201	0	0.000000
11	95523623	95565857	CEP57	201	5	0.024876
11	95566042	95657371	MTMR2	188	5	0.026596
11	98891677	100229616	CNTN5	175	28	0.160000
11	100558017	100864672	ARHGAP42	201	26	0.129353
11	100900353	101000544	PGR	201	54	0.268657
11	101322293	101454738	TRPC6	193	33	0.170984
11	102267061	102323496	TMEM123	201	30	0.149254
11	102562216	102576500	MMP27	201	0	0.000000
11	102641231	102651359	MMP10	201	27	0.134328
11	102733465	102745712	MMP12	201	52	0.258706
11	102813722	102826461	MMP13	199	16	0.080402
11	102980153	103350591	DYNC2H1	201	24	0.119403
11	107197069	107328572	CWF19L2	201	10	0.049751
11	107373451	107436461	ALKBH8	201	9	0.044776
11	111473171	111601579	SIK2	201	8	0.039801
11	111652917	111742305	ALG9	195	4	0.020513
11	111779286	111794464	CRYAB	201	6	0.029851
11	111783458	111797595	HSPB2-C11orf52	201	6	0.029851
11	111789635	111797595	C11orf52	201	6	0.029851
11	111797866	111893377	DIXDC1	201	6	0.029851
11	111896130	111935128	DLAT	194	4	0.020619
11	111934732	111944895	PIH1D2	201	6	0.029851
11	113185303	113244019	TTC12	181	0	0.000000
11	116706831	116726445	APOA1-AS	182	4	0.021978
11	116714124	116969144	SIK3	182	4	0.021978
11	117049457	117068158	SIDT2	200	13	0.065000
11	117192492	117283982	CEP164	201	0	0.000000
11	117298486	117688229	DSCAML1	196	6	0.030612
11	118754599	118768496	CXCR5	201	3	0.014925
11	118764582	118781251	BCL9L	201	3	0.014925
11	119981992	120008821	TRIM29	201	2	0.009950
11	120107345	120190654	POU2F3	201	0	0.000000
11	120207120	120360646	ARHGEF12	201	0	0.000000
11	122753234	122834570	JHY	201	5	0.024876
11	122940578	123065956	CLMP	201	3	0.014925
chr	posStart	posEnd	geneName	totSamples	NeanSamples	PropNean
12	299245	323323	SLC6A12	201	12	0.059701
12	389221	498486	KDM5A	201	7	0.034826
12	1901127	2027818	CACNA2D4	201	36	0.179104
12	7187521	7245041	C1R	201	0	0.000000
12	7247148	7261810	C1RL	177	0	0.000000
12	7260902	7274447	C1RL-AS1	200	0	0.000000
12	7276280	7282601	RBP5	201	0	0.000000
12	7282965	7311541	CLSTN3	201	0	0.000000
12	10163224	10171399	CLEC12B	199	16	0.080402
12	10167949	10183205	LOC102724020	191	14	0.073298
12	12510010	12624167	BORCS5	201	37	0.184080
12	12626214	12715797	DUSP16	201	41	0.203980
12	14518564	14655869	ATF7IP	201	0	0.000000
12	14765564	14849533	GUCY2C	201	0	0.000000
12	15033796	15038788	MGP	201	0	0.000000
12	21417532	21548371	SLCO1A2	201	64	0.318408
12	21654721	21671342	GOLT1B	200	15	0.075000
12	22346323	22487648	ST8SIA1	200	50	0.250000
12	22778103	22843599	ETNK1	178	24	0.134831
12	25261221	25348094	CASC1	187	53	0.283422
12	25629014	25801512	LMNTD1	201	1	0.004975
12	26488283	26986127	ITPR2	201	95	0.472637
12	27124510	27167317	TM7SF3	201	35	0.174129
12	27397217	27478892	STK38L	201	30	0.149254
12	29302209	29488549	FAR2	201	15	0.074627
12	29490283	29534105	ERGIC2	197	14	0.071066
12	32259739	32536567	BICD1	201	0	0.000000
12	32832132	32898584	DNM1L	201	2	0.009950
12	32943678	33049780	PKP2	201	14	0.069652
12	39046003	39299393	CPNE8	201	4	0.019900
12	39943833	40013605	ABCD2	201	0	0.000000
12	40148825	40499883	SLC2A13	201	11	0.054726
12	40618797	40763087	LRRK2	198	13	0.065657
12	40787194	40964559	MUC19	201	4	0.019900
12	41086239	41466217	CNTN1	201	21	0.104478
12	41582120	41968547	PDZRN4	201	0	0.000000
12	42850557	42983548	PRICKLE1	201	3	0.014925
12	43747667	43946006	ADAMTS20	201	10	0.049751
12	44152745	44183346	IRAK4	177	4	0.022599
12	44187524	44200120	TWF1	201	5	0.024876
12	45456399	45459194	RACGAP1P	201	7	0.034826
12	48128144	48152663	RAPGEF3	201	21	0.104478
12	48722761	48724062	H1-7	199	40	0.201005
12	49932811	49952120	KCNH3	201	1	0.004975
12	49952075	49961928	MCRS1	197	1	0.005076
12	50030280	50101188	FMNL3	201	1	0.004975
12	50135338	50158717	TMBIM6	201	1	0.004975
12	50184933	50222196	NCKAP5L	194	3	0.015464
12	52281885	52285511	ANKRD33	201	6	0.029851
12	52771594	52779436	KRT84	201	30	0.149254
12	52959564	52967627	KRT74	201	88	0.437811
12	52979371	52995247	KRT72	201	0	0.000000
12	53215190	53228095	KRT79	201	16	0.079602
12	53231586	53242778	KRT78	201	16	0.079602
12	53662081	53687422	ESPL1	201	0	0.000000
12	54747473	54860814	LOC102724050	201	0	0.000000
12	54789043	54813050	ITGA5	201	0	0.000000
12	54973028	54982443	PPP1R1A	200	3	0.015000
12	57489189	57505145	STAT6	201	0	0.000000
12	57522264	57607144	LRP1	201	0	0.000000
12	58141508	58146093	CDK4	201	2	0.009950
12	58156115	58160861	CYP27B1	201	2	0.009950
12	58176526	58196639	TSFM	201	2	0.009950
12	58191157	58209852	AVIL	199	1	0.005025
12	59265935	59314319	LRIG3	195	9	0.046154
12	69080756	69139589	NUP107	201	2	0.009950
12	69979237	69995350	CCT2	201	65	0.323383
12	70037286	70093196	BEST3	201	72	0.358209
12	70132638	70216984	RAB3IP	192	49	0.255208
12	71031851	71314518	PTPRR	201	21	0.104478
12	77157852	77247481	ZDHHC17	201	8	0.039801
12	78224672	78606790	NAV3	201	26	0.129353
12	86268071	86276770	NTS	201	42	0.208955
12	86349444	87232777	MGAT4C	192	6	0.031250
12	89813493	89919824	POC1B	201	0	0.000000
12	96051581	96184933	NTN4	201	64	0.318408
12	96260824	96336392	CCDC38	200	63	0.315000
12	96883353	97269333	CFAP54	201	0	0.000000
12	98847616	98850923	SLC9A7P1	201	27	0.134328
12	99039066	99129211	APAF1	201	41	0.203980
12	100430848	100536652	UHRF1BP1L	201	0	0.000000
12	100593863	100618202	ACTR6	201	0	0.000000
12	100597445	100660857	DEPDC4	201	0	0.000000
12	100867642	100958192	NR1H4	196	0	0.000000
12	101673881	101780396	UTP20	201	3	0.014925
12	102139275	102224737	GNPTAB	201	5	0.024876
12	102271356	102317390	DRAM1	186	4	0.021505
12	102513947	102591298	PARPBP	194	2	0.010309
12	102789650	102874341	IGF1	193	1	0.005181
12	103981049	104160497	STAB2	201	45	0.223881
12	104324186	104341704	HSP90B1	201	38	0.189055
12	104359580	104382656	TDG	198	29	0.146465
12	104382759	104457955	GLT8D2	198	31	0.156566
12	105413566	105478236	ALDH1L2	186	1	0.005376
12	109038883	109125326	CORO1C	194	2	0.010309
12	109171965	109251359	SSH1	201	3	0.014925
12	109991518	110011309	MMAB	200	19	0.095000
12	110011597	110035930	MVK	201	24	0.119403
12	110562160	110656598	IFT81	194	5	0.025773
12	110719050	110788898	ATP2A2	201	5	0.024876
12	110810703	110841535	ANAPC7	201	5	0.024876
12	110940134	110971361	RAD9B	201	5	0.024876
12	110971048	111021123	PPTC7	201	5	0.024876
12	111348621	111358404	MYL2	201	6	0.029851
12	113587661	113597081	CFAP73	200	20	0.100000
12	114791733	114846247	TBX5	201	0	0.000000
12	117890815	118406795	KSR2	199	42	0.211055
12	120972157	121015391	RNF10	201	29	0.144279
12	121438287	121454290	C12orf43	201	22	0.109453
12	121570677	121625835	P2RX7	201	28	0.139303
12	121647930	121671909	P2RX4	201	21	0.104478
12	121675493	121736111	CAMKK2	201	20	0.099502
12	124246846	124420267	DNAH10	201	24	0.119403
12	127137490	127174864	LOC100996671	188	4	0.021277
12	129277737	129308503	SLC15A4	186	39	0.209677
12	130822430	130857182	PIWIL1	201	12	0.059701
12	130880676	131200850	RIMBP2	201	47	0.233831
12	131438450	131626014	ADGRD1	186	5	0.026882
12	132434485	132565005	EP400	201	1	0.004975
12	133408940	133464204	CHFR	201	99	0.492537
chr	posStart	posEnd	geneName	totSamples	NeanSamples	PropNean
13	23755058	23899304	SGCG	201	37	0.184080
13	25946110	26599989	ATP8A2	201	0	0.000000
13	27640291	27745948	USP12	201	9	0.044776
13	27825690	27830705	RPL21	188	0	0.000000
13	28120048	28194666	LNX2	195	17	0.087179
13	28194878	28241548	POLR1D	201	21	0.104478
13	31709108	31736525	HSPH1	201	0	0.000000
13	32605909	32873262	FRY	201	12	0.059701
13	35516422	36246874	NBEA	201	24	0.119403
13	36342787	36706076	DCLK1	201	3	0.014925
13	39612446	39624246	NHLRC3	201	24	0.119403
13	40229762	40365803	COG6	201	35	0.174129
13	42614170	42830720	DGKH	201	0	0.000000
13	42846286	42897397	AKAP11	200	0	0.000000
13	47345389	47371296	ESD	201	1	0.004975
13	48877881	49056026	RB1	201	2	0.009950
13	49063097	49110031	RCBTB2	198	2	0.010101
13	49228063	49285362	CYSLTR2	201	3	0.014925
13	51935711	52027172	INTS6	201	2	0.009950
13	60970589	61148013	TDRD3	200	21	0.105000
13	66876964	67804468	PCDH9	200	0	0.000000
13	72012096	72441342	DACH1	199	5	0.025126
13	73356269	73590599	PIBF1	200	50	0.250000
13	76194568	76434006	LMO7	201	0	0.000000
13	77454308	77460540	KCTD12	201	9	0.044776
13	77579393	77601294	FBXL3	201	3	0.014925
13	77618790	77901229	MYCBP2	201	10	0.049751
13	78109807	78219398	SCEL	201	13	0.064677
13	78393070	78482577	EDNRB-AS1	201	15	0.074627
13	78469614	78549662	EDNRB	201	15	0.074627
13	95672081	95953705	ABCC4	201	36	0.179104
13	99336053	99404926	SLC15A1	201	12	0.059701
13	99445681	99738948	DOCK9	201	15	0.074627
13	101706126	102068859	NALCN	201	9	0.044776
13	103338095	103346871	METTL21C	201	27	0.134328
13	108870738	108886591	ABHD13	201	3	0.014925
13	109248251	109860353	MYO16	201	43	0.213930
chr	posStart	posEnd	geneName	totSamples	NeanSamples	PropNean
14	20754384	20774110	TTC5	201	29	0.144279
14	31091458	31205056	SCFD1	201	15	0.074627
14	35221935	35344566	BAZ1A	201	41	0.203980
14	35452102	35498773	SRP54	201	50	0.248756
14	35550285	35582336	LOC101927178	201	42	0.208955
14	35554671	35591749	PPP2R3C	201	42	0.208955
14	35591756	35746828	PRORP	201	39	0.194030
14	35747762	35786699	PSMA6	201	35	0.174129
14	42076057	42373752	LRFN5	201	9	0.044776
14	50110268	50155098	POLE2	201	1	0.004975
14	50474029	50571761	LINC01599	201	7	0.034826
14	50575353	50583290	VCPKMT	201	7	0.034826
14	50583846	50698296	SOS2	201	7	0.034826
14	51441977	51562422	TRIM9	201	0	0.000000
14	53173916	53195308	PSMC6	201	1	0.004975
14	53196882	53241707	STYX	197	1	0.005076
14	53323987	53417815	FERMT2	201	1	0.004975
14	55308721	55369544	GCH1	201	6	0.029851
14	55405665	55493817	WDHD1	201	14	0.069652
14	55595968	55612148	LGALS3	201	28	0.139303
14	55614851	55658303	DLGAP5	201	31	0.154229
14	55738137	55820329	FBXO34	201	31	0.154229
14	55880926	55907263	TBPL2	201	31	0.154229
14	56046923	56151302	KTN1	201	41	0.203980
14	59655383	59838123	DAAM1	201	35	0.174129
14	59951159	59972128	JKAMP	201	20	0.099502
14	60062692	60337494	RTN1	201	35	0.174129
14	60558627	60614939	PCNX4	201	0	0.000000
14	60610835	60636582	DHRS7	201	0	0.000000
14	63166180	63512176	KCNH5	201	20	0.099502
14	66974123	67648525	GPHN	201	13	0.064677
14	67853699	67878882	PLEK2	201	12	0.059701
14	69340838	69446083	ACTN1	201	6	0.029851
14	70242131	70263958	SLC10A1	200	67	0.335000
14	70510930	70655787	SLC8A3	201	50	0.248756
14	71189241	71276230	MAP3K9	201	11	0.054726
14	71374174	71582099	PCNX1	201	4	0.019900
14	71787191	72207926	SIPA1L1	201	1	0.004975
14	73393170	73428775	DCAF4	201	21	0.104478
14	74318532	74352429	PTGR2	201	46	0.228856
14	74353560	74399224	ZNF410	201	48	0.238806
14	74486050	74532795	BBOF1	201	52	0.258706
14	74523548	74551156	ALDH6A1	193	43	0.222798
14	75179845	75205323	FCF1	201	2	0.009950
14	75230017	75304021	YLPM1	201	2	0.009950
14	75319734	75330537	PROX2	201	2	0.009950
14	75408531	75422467	PGF	201	1	0.004975
14	75894425	75940810	JDP2	201	2	0.009950
14	76127587	76421422	TTLL5	201	1	0.004975
14	77741297	77787225	POMT2	201	15	0.074627
14	77787377	77797940	GSTZ1	201	16	0.079602
14	77893016	77923983	VIPAS39	197	2	0.010152
14	78138745	78174366	ALKBH1	201	14	0.069652
14	80962819	81408082	CEP128	188	4	0.021277
14	81937889	82000205	SEL1L	201	0	0.000000
14	90722895	90741773	PSMC1	201	1	0.004975
14	90990906	91282774	TTC7B	191	0	0.000000
14	91737665	91884164	CCDC88C	201	16	0.079602
14	91923479	91976824	PPP4R3A	201	1	0.004975
14	92047040	92198430	CATSPERB	176	2	0.011364
14	92246088	92333880	TC2N	200	10	0.050000
14	92432333	92506403	TRIP11	199	5	0.025126
14	92588311	92638489	CPSF2	201	2	0.009950
14	92788923	92967825	SLC24A4	187	15	0.080214
14	93403257	93582270	ITPK1	201	8	0.039801
14	100437757	100610573	EVL	201	17	0.084577
14	100610292	100625982	DEGS2	201	16	0.079602
14	103058984	103196898	RCOR1	201	1	0.004975
14	103243784	103377837	TRAF3	201	1	0.004975
14	104378623	104387866	ATP5MPL	182	6	0.032967
14	104394791	104519004	TDRD9	201	14	0.069652
14	105403588	105444711	AHNAK2	201	8	0.039801
14	105675621	105781914	BRF1	180	2	0.011111
chr	posStart	posEnd	geneName	totSamples	NeanSamples	PropNean
15	33010203	33037307	GREM1	201	5	0.024876
15	33603166	34158322	RYR3	201	33	0.164179
15	34521983	34630258	SLC12A6	197	14	0.071066
15	38746326	38779911	FAM98B	201	9	0.044776
15	38780302	38857015	RASGRP1	201	9	0.044776
15	40674920	40686489	KNSTRN	201	46	0.228856
15	41221536	41231271	DLL4	198	2	0.010101
15	41245667	41248710	CHAC1	201	3	0.014925
15	41271076	41408478	INO80	201	3	0.014925
15	41709300	41775761	RTF1	201	1	0.004975
15	42140342	42186251	SPTBN5	197	11	0.055838
15	42188129	42264755	EHD4	182	10	0.054945
15	51633850	51700197	GLDN	201	1	0.004975
15	52407295	52483589	GNB5	201	0	0.000000
15	52472221	52498076	CERNA1	201	0	0.000000
15	52484517	52588001	MYO5C	201	0	0.000000
15	52873516	52970831	FAM214A	201	3	0.014925
15	53047248	53082533	ONECUT1	201	5	0.024876
15	54270636	54925638	UNC13C	201	15	0.074627
15	55903740	56035350	PRTG	201	10	0.049751
15	56119113	56285810	NEDD4	201	35	0.174129
15	56657620	56738195	TEX9	201	30	0.149254
15	56720920	56757335	MNS1	201	30	0.149254
15	56922372	57026284	ZNF280D	199	7	0.035176
15	62939508	63136830	TLN2	199	7	0.035176
15	63613575	63674309	CA12	201	24	0.119403
15	63900815	64126147	HERC1	201	5	0.024876
15	64457722	64648372	CSNK1G1	201	23	0.114428
15	65032088	65067788	RBPMS2	200	19	0.095000
15	65107829	65117846	PIF1	201	8	0.039801
15	65204099	65251033	ANKDD1A	198	5	0.025253
15	65440555	65477680	CLPX	201	1	0.004975
15	65487096	65503811	CILP	201	1	0.004975
15	65550435	65579221	PARP16	201	0	0.000000
15	67813467	67822484	C15orf61	201	2	0.009950
15	70340127	70390256	TLE3	201	10	0.049751
15	74471805	74502046	STRA6	201	78	0.388060
15	75074419	75095539	CSK	201	0	0.000000
15	75105174	75118095	LMAN1L	201	0	0.000000
15	79724676	79764646	MINAR1	201	0	0.000000
15	80135887	80189627	MTHFS	201	4	0.019900
15	80135887	80215448	ST20-MTHFS	201	4	0.019900
15	83211949	83317546	CPEB1	201	7	0.034826
15	83316519	83361572	CPEB1-AS1	201	7	0.034826
15	83328031	83378660	AP3B2	201	7	0.034826
15	83517733	83621472	HOMER2	201	3	0.014925
15	84322873	84708594	ADAMTSL3	201	92	0.457711
15	85359909	85416713	ALPK3	201	117	0.582090
15	85427890	85518880	SLC28A1	201	89	0.442786
15	85523696	85682373	PDE8A	201	116	0.577114
15	85923832	86292589	AKAP13	201	102	0.507463
15	86622849	87572283	AGBL1	194	9	0.046392
15	88402980	88799970	NTRK3	201	0	0.000000
15	89859534	89878055	POLG	201	2	0.009950
15	90014636	90039814	RHCG	201	2	0.009950
15	90931472	91045471	IQGAP1	201	1	0.004975
15	91073153	91188577	CRTC3	200	1	0.005000
15	91445610	91465815	MAN2A2	201	39	0.194030
15	91509268	91537765	PRC1	201	35	0.174129
15	91509597	91531854	PRC1-AS1	201	35	0.174129
15	91541644	91565851	VPS33B	196	42	0.214286
15	101420034	101456831	ALDH1A3	201	1	0.004975
15	101432546	101459488	LOC101927751	201	1	0.004975
15	101459560	101618462	LRRK1	201	3	0.014925
chr	posStart	posEnd	geneName	totSamples	NeanSamples	PropNean
16	1662359	1727909	CRAMP1	201	1	0.004975
16	3589031	3627404	NLRC3	201	30	0.149254
16	3631180	3661607	SLX4	181	22	0.121547
16	3775053	3930714	CREBBP	201	7	0.034826
16	4746509	4784378	ANKS3	201	6	0.029851
16	4784536	4799397	C16orf71	201	6	0.029851
16	4798238	4817163	ZNF500	201	6	0.029851
16	8985949	9057763	USP7	201	27	0.134328
16	19567023	19712485	VPS35L	201	0	0.000000
16	56651371	56652730	MT1L	201	6	0.029851
16	57496589	57505921	POLR2C	201	6	0.029851
16	57702216	57723290	ADGRG3	201	1	0.004975
16	58283838	58317740	CCDC113	201	1	0.004975
16	68679211	68734195	CDH3	201	3	0.014925
16	69743302	69760463	NQO1	201	2	0.009950
16	69775755	69788871	NOB1	201	2	0.009950
16	70695105	70719956	MTSS2	197	6	0.030457
16	70721340	70835061	VAC14	201	6	0.029851
16	74481336	74641012	GLG1	201	0	0.000000
16	74705751	74734760	MLKL	201	0	0.000000
16	75182420	75206132	ZFP1	201	1	0.004975
16	75327606	75467401	CFDP1	201	3	0.014925
16	76311297	76594654	CNTNAP4	201	81	0.402985
16	77316023	77468931	ADAMTS18	201	50	0.248756
16	78056443	78065998	CLEC3A	201	109	0.542289
16	78133549	79246564	WWOX	201	96	0.477612
16	81812894	81996290	PLCG2	201	1	0.004975
16	87439852	87526630	ZCCHC14	201	15	0.074627
16	88718346	88729499	MVD	192	0	0.000000
chr	posStart	posEnd	geneName	totSamples	NeanSamples	PropNean
17	1682777	1733196	SMYD4	199	3	0.015075
17	4573067	4607432	PELP1	201	96	0.477612
17	4613925	4624792	ARRB2	201	94	0.467662
17	4801064	4806393	CHRNE	201	2	0.009950
17	7215978	7218679	GPS2	201	1	0.004975
17	7218945	7232654	NEURL4	201	1	0.004975
17	7284406	7293085	TNK1	201	7	0.034826
17	7293044	7307450	TMEM256-PLSCR3	201	7	0.034826
17	7306292	7307416	TMEM256	201	7	0.034826
17	7589387	7606820	WRAP53	201	3	0.014925
17	7621060	7737029	DNAH2	201	11	0.054726
17	7743222	7758114	KDM6B	201	6	0.029851
17	7759997	7788738	NAA38	201	6	0.029851
17	7761319	7765600	CYB5D1	201	6	0.029851
17	7825175	7832753	KCNAB3	187	5	0.026738
17	7833661	7835317	TRAPPC1	201	7	0.034826
17	7835397	7853238	CNTROB	201	7	0.034826
17	8023908	8027424	HES7	185	8	0.043243
17	8075773	8079698	TMEM107	177	2	0.011299
17	8152605	8173804	PFAS	201	21	0.104478
17	8191079	8198718	SLC25A35	201	4	0.019900
17	8191986	8193405	RANGRF	201	4	0.019900
17	8213557	8225834	ARHGEF15	201	4	0.019900
17	12569205	12672266	MYOCD	200	7	0.035000
17	12575177	12609452	MYOCD-AS1	190	7	0.036842
17	12894927	12921381	ELAC2	193	0	0.000000
17	13397347	13505246	HS3ST3A1	201	68	0.338308
17	13972819	14111994	COX10	201	27	0.134328
17	25621138	25642952	WSB1	201	9	0.044776
17	33474834	33516364	UNC45B	201	0	0.000000
17	33901812	33905590	PEX12	201	7	0.034826
17	37913966	38020565	IKZF3	201	11	0.054726
17	38024453	38034149	ZPBP2	201	11	0.054726
17	38060846	38074903	GSDMB	201	11	0.054726
17	38278222	38293170	MSL1	201	9	0.044776
17	38296788	38328424	CASC3	200	9	0.045000
17	38544775	38574148	TOP2A	201	10	0.049751
17	38810915	38821429	KRT222	197	0	0.000000
17	42282406	42298672	UBTF	201	5	0.024876
17	55912140	55927405	MRPS23	201	6	0.029851
17	65066558	65241312	HELZ	201	7	0.034826
17	75084765	75213183	SEC14L1	201	5	0.024876
17	76000316	76104916	TNRC6C	201	4	0.019900
17	76670127	76778424	CYTH1	201	0	0.000000
17	76791732	76836609	USP36	190	0	0.000000
chr	posStart	posEnd	geneName	totSamples	NeanSamples	PropNean
18	214518	268047	THOC1	183	1	0.005464
18	316735	500701	COLEC12	201	6	0.029851
18	9102695	9134339	NDUFV2	201	2	0.009950
18	9121261	9136718	NDUFV2-AS1	201	2	0.009950
18	9136777	9285983	ANKRD12	201	2	0.009950
18	9546790	9614557	PPP4R1	198	27	0.136364
18	12446509	12658106	SPIRE1	201	1	0.004975
18	23596215	23671181	SS18	201	1	0.004975
18	42747926	43263653	SLC14A2	201	45	0.223881
18	44056922	44236996	LOXHD1	201	42	0.208955
18	44383179	44500108	PIAS2	201	3	0.014925
18	44497555	44628614	KATNAL2	201	4	0.019900
18	44633779	44676871	HDHD2	201	3	0.014925
18	49866565	51062269	DCC	201	16	0.079602
18	59708395	59854289	PIGN	201	80	0.398010
18	59854486	59977482	RELCH	201	76	0.378109
18	59992518	60058521	TNFRSF11A	199	60	0.301508
18	60190256	60253962	ZCCHC2	201	100	0.497512
18	66382451	66722426	CCDC102B	201	3	0.014925
18	67068122	67516323	DOK6	201	0	0.000000
18	67670265	67872923	RTTN	201	10	0.049751
18	71740601	71815069	FBXO15	201	30	0.149254
18	74534561	74682683	ZNF236	201	8	0.039801
18	76740273	76758969	SALL3	201	23	0.114428
chr	posStart	posEnd	geneName	totSamples	NeanSamples	PropNean
19	5587008	5622787	SAFB2	186	4	0.021505
19	5978412	6020374	LOC100128568	201	0	0.000000
19	5993173	6110511	RFX2	201	0	0.000000
19	6413111	6424822	KHSRP	201	4	0.019900
19	6426046	6433774	SLC25A41	199	3	0.015075
19	7587508	7598895	MCOLN1	201	0	0.000000
19	7599048	7626653	PNPLA6	201	0	0.000000
19	10244020	10305629	DNMT1	201	0	0.000000
19	10420719	10426691	FDX2	201	19	0.094527
19	10426886	10444205	RAVER1	201	19	0.094527
19	17858551	17899370	FCHO1	194	6	0.030928
19	33072094	33078359	PDCD5	201	1	0.004975
19	33087910	33166086	ANKRD27	201	9	0.044776
19	33321415	33360673	SLC7A9	201	60	0.298507
19	33366829	33462864	CEP89	201	60	0.298507
19	33571784	33621448	GPATCH1	201	185	0.920398
19	34745457	34846476	KIAA0355	201	5	0.024876
19	38794196	38806587	YIF1B	201	0	0.000000
19	39818997	39826683	GMFG	201	2	0.009950
19	40476910	40487671	PSMC4	201	11	0.054726
19	40728113	40732596	CNTD2	201	1	0.004975
19	40736222	40791252	AKT2	201	1	0.004975
19	40825441	40854434	C19orf47	201	1	0.004975
19	43979253	44008985	PHLDB3	201	1	0.004975
19	46800297	46846690	HIF3A	201	10	0.049751
19	46913584	46916821	CCDC8	201	10	0.049751
19	50655803	50666538	IZUMO2	201	24	0.119403
19	51020147	51071692	LRRC4B	181	2	0.011050
19	52391276	52403717	ZNF649-AS1	201	11	0.054726
19	52392486	52408270	ZNF649	201	11	0.054726
19	52430723	52449874	ZNF613	191	12	0.062827
19	52452385	52484620	ZNF350-AS1	201	14	0.069652
19	52467591	52490093	ZNF350	201	14	0.069652
19	56158764	56164527	CCDC106	201	0	0.000000
19	56186559	56220899	EPN1	201	17	0.084577
19	56219802	56249768	NLRP9	201	15	0.074627
19	58488414	58514714	ZNF606	201	33	0.164179
19	58694354	58724928	ZNF274	201	10	0.049751
chr	posStart	posEnd	geneName	totSamples	NeanSamples	PropNean
1	3404513	3528072	MEGF6	201	42	0.208955
1	3541577	3546691	TPRG1L	201	21	0.104478
1	3547332	3566667	WRAP73	201	21	0.104478
1	9788982	9884584	CLSTN1	201	0	0.000000
1	10093014	10241297	UBE4B	201	6	0.029851
1	10270626	10441661	KIF1B	201	5	0.024876
1	12290085	12572099	VPS13D	201	5	0.024876
1	14026681	14151574	PRDM2	201	10	0.049751
1	19401002	19536760	UBR4	201	3	0.014925
1	19665267	19812033	CAPZB	201	2	0.009950
1	19923471	19984945	MICOS10-NBL1	201	0	0.000000
1	19969721	19984949	NBL1	201	0	0.000000
1	19991366	20007459	HTR6	201	0	0.000000
1	20008704	20126409	TMCO4	201	6	0.029851
1	21066757	21113800	HP1BP3	201	17	0.084577
1	21132783	21503390	EIF4G3	201	17	0.084577
1	32117862	32169618	COL16A1	196	1	0.005102
1	33207429	33240571	KIAA1522	201	70	0.348259
1	33722091	33766320	ZNF362	201	73	0.363184
1	35734308	35887659	ZMYM4	199	1	0.005025
1	35899091	36023004	KIAA0319L	201	1	0.004975
1	37955559	37980367	MEAF6	201	31	0.154229
1	38032411	38061586	GNL2	201	32	0.159204
1	39328160	39339050	MYCBP	201	98	0.487562
1	39328160	39347298	GJA9-MYCBP	201	101	0.502488
1	39339071	39341898	LOC105378663	201	96	0.477612
1	39339739	39347259	GJA9	201	96	0.477612
1	40303780	40349183	TRIT1	197	7	0.035533
1	40915734	40929387	ZFP69B	180	4	0.022222
1	41249457	41306124	KCNQ4	201	16	0.079602
1	41492869	41707978	SCMH1	201	46	0.228856
1	45316192	45452394	EIF2B3	201	2	0.009950
1	45468218	45476996	HECTD3	201	2	0.009950
1	46016453	46035723	AKR1A1	201	2	0.009950
1	46049658	46084578	NASP	201	3	0.014925
1	46092974	46152205	GPBP1L1	201	2	0.009950
1	46159994	46216485	IPP	201	2	0.009950
1	46505810	46640573	PIK3R3	190	0	0.000000
1	46505810	46642160	LOC110117498-PIK3R3	190	0	0.000000
1	48761042	48937880	SPATA6	201	1	0.004975
1	51567898	51613758	C1orf185	201	0	0.000000
1	51819933	51984938	EPS15	200	0	0.000000
1	52254862	52344609	NRDC	185	0	0.000000
1	52485801	52521843	TXNDC12	201	0	0.000000
1	52607759	52812358	ZFYVE9	201	0	0.000000
1	52888945	53018764	TUT4	200	15	0.075000
1	53308430	53360670	ZYG11A	201	13	0.064677
1	53361580	53387446	ECHDC2	192	10	0.052083
1	53679769	53686311	CZIB	201	5	0.024876
1	54317404	54355470	YIPF1	201	19	0.094527
1	54598391	54618854	CDCP2	201	10	0.049751
1	55505219	55530526	PCSK9	201	20	0.099502
1	55532030	55681037	USP24	201	20	0.099502
1	57184460	57285077	FYB2	201	119	0.592040
1	57320468	57383896	C8A	201	4	0.019900
1	60280619	60341994	HOOK1	201	14	0.069652
1	76262565	76378927	MSH4	201	4	0.019900
1	81771875	82459616	ADGRL2	190	9	0.047368
1	84864213	84880691	DNASE2B	201	12	0.059701
1	84944947	84964035	RPF1	201	10	0.049751
1	84972067	85022178	SPATA1	201	9	0.044776
1	85093911	85100703	LINC01555	201	0	0.000000
1	85109387	85156151	SSX2IP	201	0	0.000000
1	85527979	85598821	WDR63	201	30	0.149254
1	85715634	85725345	C1orf52	201	10	0.049751
1	85784166	86043883	DDAH1	181	5	0.027624
1	86812505	86862025	ODF2L	201	1	0.004975
1	86889852	86922236	CLCA2	201	26	0.129353
1	95285911	95360803	SLC44A3	201	6	0.029851
1	97543297	98386615	DPYD	201	0	0.000000
1	114935410	115053824	TRIM33	196	18	0.091837
1	115125469	115212670	DENND2C	201	22	0.109453
1	115215717	115238239	AMPD1	201	22	0.109453
1	115247088	115259392	NRAS	179	14	0.078212
1	115259532	115300671	CSDE1	201	22	0.109453
1	146644324	146767447	CHD1L	201	6	0.029851
1	146655882	146697230	FMO5	196	4	0.020408
1	147013269	147098017	BCL9	201	4	0.019900
1	147114027	147142646	ACP6	200	3	0.015000
1	147374919	147381396	GJA8	201	19	0.094527
1	149900541	149908772	MTMR11	201	23	0.114428
1	150039437	150117507	VPS45	198	59	0.297980
1	150547025	150552214	MCL1	201	8	0.039801
1	150782187	150849075	ARNT	201	8	0.039801
1	150937647	150947479	CERS2	201	8	0.039801
1	150969010	150980869	MINDY1	201	8	0.039801
1	151129123	151142772	TNFAIP8L2-SCNM1	201	3	0.014925
1	151132222	151138378	LYSMD1	201	3	0.014925
1	151138618	151142772	SCNM1	201	3	0.014925
1	151142461	151148457	TMOD4	201	3	0.014925
1	151313114	151319769	RFX5	201	4	0.019900
1	153232161	153234600	LOR	194	0	0.000000
1	159770300	159786047	FCRL6	201	59	0.293532
1	160121391	160156770	ATP1A4	201	12	0.059701
1	160577888	160617101	SLAMF1	201	9	0.044776
1	161719574	161727028	DUSP12	201	25	0.124378
1	161736108	161933860	ATF6	201	9	0.044776
1	162600651	162757195	DDR2	197	1	0.005076
1	163291742	163325549	NUF2	201	0	0.000000
1	166025153	166136238	FAM78B	201	8	0.039801
1	166877422	166944777	ILDR2	199	2	0.010050
1	169101766	169337201	NME7	191	37	0.193717
1	169558085	169599362	SELP	200	40	0.200000
1	169818770	169863100	SCYL3	189	20	0.105820
1	169890468	170043879	KIFAP3	201	22	0.109453
1	170115186	170136923	METTL11B	201	13	0.064677
1	170633270	170708562	PRRX1	191	13	0.068063
1	171106877	171130702	FMO6P	201	12	0.059701
1	171154345	171181825	FMO2	201	18	0.089552
1	175284328	175712731	TNR	201	32	0.159204
1	177897921	177953438	SEC16B	201	20	0.099502
1	177897921	178007142	CRYZL2P-SEC16B	201	20	0.099502
1	178994937	179045709	FAM20B	201	10	0.049751
1	179051203	179065131	TOR3A	186	6	0.032258
1	179068463	179198819	ABL2	194	6	0.030928
1	179335104	179523870	AXDND1	201	23	0.114428
1	179519672	179545083	NPHS2	201	23	0.114428
1	179560746	179660407	TDRD5	201	0	0.000000
1	179923943	180084010	CEP350	201	42	0.208955
1	180601156	180859415	XPR1	181	25	0.138122
1	180882031	180920750	KIAA1614	201	1	0.004975
1	181002559	181031074	MR1	201	3	0.014925
1	182347226	182361341	GLUL	201	6	0.029851
1	184356161	184598153	C1orf21	196	6	0.030612
1	184659369	184723992	EDEM3	201	0	0.000000
1	184760164	184943640	NIBAN1	178	0	0.000000
1	185265518	185286375	IVNS1ABP	201	0	0.000000
1	185703521	186160081	HMCN1	183	0	0.000000
1	186798030	186958113	PLA2G4A	201	28	0.139303
1	196194907	196577570	KCNT2	201	25	0.124378
1	197881633	197904608	LHX9	201	20	0.099502
1	198608096	198726605	PTPRC	201	3	0.014925
1	200520623	200589879	KIF14	201	17	0.084577
1	201452656	201476251	CSRP1	201	3	0.014925
1	203444932	203460480	PRELP	201	2	0.009950
1	203463279	203478077	OPTC	201	2	0.009950
1	203595913	203713209	ATP2B4	201	0	0.000000
1	204586296	204654866	LRRN2	201	1	0.004975
1	204797778	204991950	NFASC	201	0	0.000000
1	205271189	205290873	NUAK2	201	0	0.000000
1	205538140	205572046	MFSD4A	201	6	0.029851
1	205737112	205744610	RAB29	201	5	0.024876
1	205882174	205912588	SLC26A9	201	1	0.004975
1	206238880	206288197	RHEX	201	1	0.004975
1	208195585	208417729	PLXNA2	201	8	0.039801
1	210501594	210849638	HHAT	200	57	0.285000
1	210851654	211307490	KCNH1	201	105	0.522388
1	211831596	211848972	NEK2	201	15	0.074627
1	212899493	212965119	NSL1	201	8	0.039801
1	213031615	213072705	FLVCR1	201	8	0.039801
1	214776536	214837914	CENPF	199	9	0.045226
1	215178883	215410433	KCNK2	201	0	0.000000
1	215740645	215795149	KCTD3	201	2	0.009950
1	215796231	216596790	USH2A	201	65	0.323383
1	216676586	217311044	ESRRG	183	56	0.306011
1	217600332	217804432	GPATCH2	200	0	0.000000
1	217804684	218045038	SPATA17	201	28	0.139303
1	220141940	220219847	EPRS1	201	49	0.243781
1	220701476	220837803	MARK1	201	9	0.044776
1	220960253	220993001	MTARC1	201	1	0.004975
1	223394171	223537518	SUSD4	201	0	0.000000
1	224301811	224349749	FBXO28	201	0	0.000000
1	224407313	224415745	LOC101927164	201	0	0.000000
1	224415034	224517891	NVL	201	0	0.000000
1	225117354	225586988	DNAH14	201	39	0.194030
1	225589202	225616557	LBR	200	15	0.075000
1	225674529	225840825	ENAH	201	19	0.094527
1	227915867	227968932	SNAP47	200	2	0.010000
1	228698058	228699989	BTNL10	201	1	0.004975
1	231376956	231413719	GNPAT	201	3	0.014925
1	231474037	231490769	SPRTN	201	3	0.014925
1	231664397	232177018	TSNAX-DISC1	201	0	0.000000
1	231762534	232177018	DISC1	201	0	0.000000
1	232533709	232651354	SIPA1L2	201	19	0.094527
1	236712303	236767816	HEATR1	201	7	0.034826
1	238025473	238091621	LOC100130331	201	3	0.014925
1	238045675	238054222	ZP4	201	3	0.014925
1	247108847	247242115	ZNF670-ZNF695	200	6	0.030000
1	247197937	247242113	ZNF670	200	6	0.030000
chr	posStart	posEnd	geneName	totSamples	NeanSamples	PropNean
20	2821341	2847378	VPS16	201	4	0.019900
20	2844839	3019315	PTPRA	201	4	0.019900
20	3451663	3631765	ATRN	201	23	0.114428
20	3667615	3693247	SIGLEC1	201	29	0.144279
20	5525083	5591652	GPCPD1	201	38	0.189055
20	5917872	5931204	TRMT6	181	10	0.055249
20	5931296	5979623	MCM8	201	22	0.109453
20	9049699	9461463	PLCB4	201	29	0.144279
20	10415951	10608678	SLX4IP	201	13	0.064677
20	13201919	13281298	ISM1	201	5	0.024876
20	13370034	13619583	TASP1	201	2	0.009950
20	13694967	13765579	ESF1	180	2	0.011111
20	13829891	13975979	SEL1L2	200	6	0.030000
20	13976160	16033842	MACROD2	183	63	0.344262
20	16252747	16554093	KIF16B	201	83	0.412935
20	17206750	17465223	PCSK2	191	5	0.026178
20	17474548	17549865	BFSP1	201	7	0.034826
20	18122866	18169031	KAT14	201	3	0.014925
20	31446727	31549415	EFCAB8	201	21	0.104478
20	31571579	31592239	SUN5	201	15	0.074627
20	36322355	36500531	CTNNBL1	190	0	0.000000
20	40030721	40247016	CHD6	201	4	0.019900
20	40701394	41818546	PTPRT	201	27	0.134328
20	42136335	42170535	L3MBTL1	201	13	0.064677
20	42187665	42214273	SGK2	201	8	0.039801
20	42824577	42839411	OSER1	201	1	0.004975
20	44277200	44298878	WFDC11	200	1	0.005000
20	44402850	44420522	WFDC3	201	10	0.049751
20	44420591	44440057	DNTTIP1	201	10	0.049751
20	44441213	44445596	UBE2C	199	8	0.040201
20	44470358	44486031	ACOT8	192	0	0.000000
20	44650323	44688789	SLC12A5	201	7	0.034826
20	46130629	46285616	NCOA3	201	41	0.203980
20	48429248	48508779	SLC9A8	201	0	0.000000
20	49126856	49201778	PTPN1	197	19	0.096447
20	49202643	49308079	RIPOR3	201	29	0.144279
20	50213051	50384929	ATP9A	201	15	0.074627
20	52560075	52687304	BCAS1	194	6	0.030928
20	55926309	55954258	RAE1	201	13	0.064677
20	61448400	61472511	COL9A3	201	5	0.024876
20	61509088	61569304	DIDO1	200	0	0.000000
20	61904135	61921142	ARFGAP1	201	32	0.159204
20	61924536	61966203	COL20A1	176	14	0.079545
20	62704532	62711317	RGS19	195	0	0.000000
chr	posStart	posEnd	geneName	totSamples	NeanSamples	PropNean
21	19641431	19776102	TMPRSS15	201	5	0.024876
21	31691440	31692633	KRTAP26-1	201	8	0.039801
21	31709329	31710012	KRTAP27-1	201	8	0.039801
21	33031933	33041244	SOD1	201	11	0.054726
21	37692485	37748944	MORC3	201	13	0.064677
21	43824009	43867794	UBASH3A	195	21	0.107692
21	44073729	44195619	PDE9A	195	6	0.030769
21	44394618	44454041	PKNOX1	201	26	0.129353
21	47608358	47648738	LSS	201	23	0.114428
21	47649143	47671615	MCM3AP-AS1	201	22	0.109453
21	47655045	47705525	MCM3AP	201	22	0.109453
chr	posStart	posEnd	geneName	totSamples	NeanSamples	PropNean
22	19023793	19109967	DGCR2	201	0	0.000000
22	19117790	19132164	ESS2	201	0	0.000000
22	19166984	19279242	CLTCL1	201	5	0.024876
22	20067753	20099400	DGCR8	201	19	0.094527
22	20103625	20114878	RANBP1	201	19	0.094527
22	20119325	20135530	ZDHHC8	201	18	0.089552
22	21061977	21213100	PI4KA	201	0	0.000000
22	22113944	22221970	MAPK1	193	16	0.082902
22	24407752	24574596	CABIN1	201	5	0.024876
22	25960640	26125261	GRK3	201	8	0.039801
22	26138153	26427011	MYO18B	201	9	0.044776
22	26825224	26840981	ASPHD2	195	0	0.000000
22	26839073	26879829	HPS4	201	1	0.004975
22	26879841	26890624	SRRD	201	1	0.004975
22	26917960	26986096	TPST2	201	1	0.004975
22	30792928	30821291	SEC14L2	201	8	0.039801
22	30918773	30942669	SEC14L6	201	10	0.049751
22	31031766	31065006	SLC35E4	201	6	0.029851
22	31500761	31503554	SELENOM	201	22	0.109453
22	31892123	32014574	SFI1	201	6	0.029851
22	32077331	32146118	PRR14L	201	7	0.034826
22	32601100	32669602	SLC5A4-AS1	201	6	0.029851
22	32614449	32651334	SLC5A4	201	6	0.029851
22	32783567	32808234	RTCB	201	72	0.358209
22	36863091	36877687	TXN2	201	9	0.044776
22	37257028	37274059	NCF4	201	3	0.014925
22	37309668	37336481	CSF2RB	198	3	0.015152
22	40806291	41032723	MRTFA	201	1	0.004975
22	44351320	44392409	SAMM50	201	34	0.169154
22	46067676	46241187	ATXN10	201	4	0.019900
22	50247490	50283728	ZBED4	201	40	0.199005
22	50683610	50689694	HDAC10	201	5	0.024876
chr	posStart	posEnd	geneName	totSamples	NeanSamples	PropNean
2	3383444	3483342	TRAPPC12	201	8	0.039801
2	11319883	11485563	ROCK2	201	20	0.099502
2	11584499	11606303	E2F6	201	14	0.069652
2	27587217	27593324	EIF2B4	201	3	0.014925
2	27667242	27712610	IFT172	201	3	0.014925
2	27719704	27746551	GCKR	201	3	0.014925
2	27805834	27846084	ZNF512	201	12	0.059701
2	27994582	28002608	MRPL33	201	7	0.034826
2	28111574	28561768	BABAM2	191	5	0.026178
2	28718925	28867008	PLB1	196	20	0.102041
2	29117531	29171085	WDR43	201	0	0.000000
2	29320540	29406674	CLIP4	201	1	0.004975
2	29415638	30144452	ALK	200	34	0.170000
2	31133329	31361306	GALNT14	201	0	0.000000
2	31395920	31456823	CAPN14	201	0	0.000000
2	31557185	31637608	XDH	201	4	0.019900
2	31747548	31806007	SRD5A2	184	1	0.005435
2	32086370	32236132	MEMO1	201	0	0.000000
2	32582094	32843966	BIRC6	201	5	0.024876
2	32853115	33046118	TTC27	201	2	0.009950
2	33808725	33824429	FAM98A	176	2	0.011364
2	37208036	37311515	HEATR5B	201	23	0.114428
2	37311592	37326387	GPATCH11	201	24	0.119403
2	37326351	37384190	EIF2AK2	201	21	0.104478
2	37394961	37423230	SULT6B1	201	14	0.069652
2	37458772	37498508	NDUFAF7	201	12	0.059701
2	37477643	37544227	PRKD3	201	16	0.079602
2	38521094	38605726	ATL2	199	4	0.020101
2	47596448	47614159	EPCAM	190	4	0.021053
2	47630204	47710367	MSH2	201	4	0.019900
2	47736427	47798124	KCNK12	201	4	0.019900
2	48034057	48132932	FBXO11	201	40	0.199005
2	48667903	48742531	PPP1R21	201	52	0.258706
2	48757062	49003656	STON1-GTF2A1L	201	47	0.233831
2	48757306	48825654	STON1	201	47	0.233831
2	55861194	55920979	PNPT1	201	18	0.089552
2	64068096	64118696	UGP2	201	6	0.029851
2	65313986	65357435	RAB1A	201	0	0.000000
2	65454827	65498387	ACTR2	189	55	0.291005
2	67624463	67639221	ETAA1	201	43	0.213930
2	70883914	70995332	ADD2	201	14	0.069652
2	71205573	71212629	ANKRD53	201	15	0.074627
2	71213070	71222003	TEX261	201	15	0.074627
2	71680689	71913893	DYSF	201	7	0.034826
2	75889829	75938041	GCFC2	201	7	0.034826
2	76974847	77749559	LRRTM4	201	4	0.019900
2	79740058	80875993	CTNNA2	185	0	0.000000
2	84743620	85046713	DNAH6	201	26	0.129353
2	86247337	86333009	POLR1A	201	17	0.084577
2	86426554	86440917	MRPL35	195	0	0.000000
2	86441114	86565206	REEP1	199	0	0.000000
2	98703628	98929762	VWA3B	201	29	0.144279
2	99410307	99552688	KIAA1211L	201	16	0.079602
2	101623688	101767909	TBC1D8	190	0	0.000000
2	106682142	106694611	ECRG4	190	1	0.005263
2	106709757	106810795	UXS1	201	1	0.004975
2	109065660	109125871	GCC2	201	0	0.000000
2	118673055	118771646	CCDC93	201	30	0.149254
2	120517496	120742475	PTPN4	201	8	0.039801
2	120770651	120936695	EPB41L5	201	27	0.134328
2	134877504	135212192	MGAT5	201	0	0.000000
2	139426725	139537960	NXPH2	198	19	0.095960
2	140988990	142888585	LRP1B	201	22	0.109453
2	143635231	143813402	KYNU	201	8	0.039801
2	145425532	145834296	TEX41	196	4	0.020408
2	152266414	152338686	RIF1	201	1	0.004975
2	152341851	152591001	NEB	201	1	0.004975
2	154728433	155310491	GALNT13	196	77	0.392857
2	155555091	155714866	KCNJ3	197	1	0.005076
2	158851689	158992666	UPP2	201	1	0.004975
2	159023160	159092681	CCDC148-AS1	201	16	0.079602
2	159027583	159313265	CCDC148	201	16	0.079602
2	161128660	161350318	RBMS1	176	43	0.244318
2	161993464	162092741	TANK	176	6	0.034091
2	162164934	162268228	PSMD14	201	32	0.159204
2	163027192	163099955	FAP	201	14	0.069652
2	163123582	163175194	IFIH1	201	14	0.069652
2	165348925	165477992	GRB14	182	0	0.000000
2	165514439	165698586	COBLL1	201	6	0.029851
2	165944034	166060560	SCN3A	201	0	0.000000
2	166729870	166810286	TTC21B	201	3	0.014925
2	166813926	166892910	LOC102724058	200	3	0.015000
2	166841149	167005671	SCN1A	200	3	0.015000
2	167744995	168116263	XIRP2	201	0	0.000000
2	169312780	169631644	CERS6	198	4	0.020202
2	169983617	170219044	LRP2	201	42	0.208955
2	170385016	170430431	FASTKD1	201	0	0.000000
2	170501933	170550915	CCDC173	201	0	0.000000
2	171673198	171717661	GAD1	200	10	0.050000
2	172290734	172341562	DCAF17	201	0	0.000000
2	172378741	172414639	CYBRD1	201	0	0.000000
2	173292062	173371187	ITGA6	201	21	0.104478
2	173600571	173917621	RAPGEF4	196	4	0.020408
2	174219598	174233725	CDCA7	201	0	0.000000
2	178487970	178973066	PDE11A	201	0	0.000000
2	178977162	178994383	RBM45	201	0	0.000000
2	179059206	179267620	OSBPL6	201	16	0.079602
2	179345182	179381190	PLEKHA3	193	10	0.051813
2	179387552	179484944	TTN-AS1	201	18	0.089552
2	179390714	179672150	TTN	201	28	0.139303
2	179641651	179644690	LOC101927055	201	27	0.134328
2	179694482	179914864	CCDC141	201	22	0.109453
2	179966403	180129559	SESTD1	201	39	0.194030
2	180306707	180726339	ZNF385B	201	1	0.004975
2	182818966	182996112	PPP1R1C	201	0	0.000000
2	183580982	183659191	DNAJC10	201	6	0.029851
2	189156394	189460653	GULP1	201	3	0.014925
2	191894300	192016322	STAT4	201	1	0.004975
2	196602425	196933561	DNAH7	201	1	0.004975
2	196998305	197036302	STK17B	183	0	0.000000
2	197058794	197458278	HECW2	201	11	0.054726
2	197851384	198175504	ANKRD44	201	0	0.000000
2	211342407	211543831	CPS1	201	8	0.039801
2	212240440	213403526	ERBB4	201	11	0.054726
2	215590368	215674407	BARD1	201	11	0.054726
2	216974069	217071016	XRCC5	201	17	0.084577
2	220403667	220408531	CHPF	201	1	0.004975
2	220408383	220415317	TMEM198	201	1	0.004975
2	220415448	220436261	OBSL1	201	1	0.004975
2	222282745	222438922	EPHA4	196	2	0.010204
2	223725752	223809357	ACSL3	201	2	0.009950
2	232826291	233209060	DIS3L2	201	3	0.014925
2	238232653	238322850	COL6A3	201	0	0.000000
2	238707386	238751451	RBM44	194	8	0.041237
2	239229157	239309541	TRAF3IP1	201	27	0.134328
2	241938033	242034983	SNED1	201	1	0.004975
2	242011581	242041747	MTERF4	201	1	0.004975
2	242088986	242123067	PPP1R7	201	2	0.009950
2	242128090	242165391	ANO7	179	0	0.000000
2	242166677	242255257	HDLBP	201	3	0.014925
2	242295698	242434256	FARP2	201	5	0.024876
chr	posStart	posEnd	geneName	totSamples	NeanSamples	PropNean
3	2140485	3099645	CNTN4	201	24	0.119403
3	3168622	3195119	TRNT1	201	13	0.064677
3	3191315	3221401	CRBN	201	12	0.059701
3	10206601	10285429	IRAK2	201	0	0.000000
3	15642857	15764023	BTD	201	2	0.009950
3	15708741	15901321	ANKRD28	201	2	0.009950
3	19190000	19577134	KCNH8	201	1	0.004975
3	19920962	19988475	EFHB	201	107	0.532338
3	29322560	30051886	RBMS3	195	4	0.020513
3	30767690	30936153	GADL1	194	0	0.000000
3	31702315	32023342	OSBPL10	201	24	0.119403
3	32567461	32612416	DYNC1LI1	198	6	0.030303
3	32726678	32815367	CNOT10	200	6	0.030000
3	33840061	33911199	PDCD6IP	179	1	0.005587
3	37493630	37864998	ITGA9	201	4	0.019900
3	38887253	39093435	SCN11A	201	2	0.009950
3	39093505	39138162	WDR48	198	3	0.015152
3	39138088	39149854	GORASP1	192	2	0.010417
3	39149150	39180394	TTC21A	201	1	0.004975
3	39183340	39196132	CSRNP1	201	1	0.004975
3	39304983	39323226	CX3CR1	201	4	0.019900
3	41288088	42003595	ULK4	200	0	0.000000
3	45959393	46037316	FYCO1	199	31	0.155779
3	46616023	46623947	TDGF1	201	16	0.079602
3	46710483	46735169	ALS2CL	201	24	0.119403
3	46753605	46759359	PRSS50	201	27	0.134328
3	50192489	50226508	SEMA3F	199	4	0.020101
3	50384759	50388206	NPRL2	201	3	0.014925
3	50388291	50405628	CYB561D2	187	2	0.010695
3	50400042	50541675	CACNA2D2	187	2	0.010695
3	52350333	52434508	DNAH1	201	2	0.009950
3	52435022	52444024	BAP1	201	0	0.000000
3	52444674	52457657	PHF7	201	2	0.009950
3	52485114	52488057	TNNC1	201	0	0.000000
3	52529352	52558511	STAB1	201	2	0.009950
3	52558401	52569043	NT5DC2	201	2	0.009950
3	52579381	52719929	PBRM1	200	2	0.010000
3	52742458	52804965	NEK4	201	2	0.009950
3	52811613	52826084	ITIH1	201	2	0.009950
3	52828782	52843025	ITIH3	201	2	0.009950
3	52846976	52864717	ITIH4	201	2	0.009950
3	54156577	55108584	CACNA2D3	201	0	0.000000
3	56761446	57113296	ARHGEF3	201	6	0.029851
3	57094690	57109460	SPATA12	201	6	0.029851
3	57327726	57530071	DNAH12	201	11	0.054726
3	64077910	64253849	PRICKLE2	201	1	0.004975
3	66429219	66550845	LRIG1	189	0	0.000000
3	67410882	67705038	SUCLG2	201	0	0.000000
3	74311717	74570291	CNTN3	201	9	0.044776
3	99536704	99900576	CMSS1	191	1	0.005236
3	100428132	100467811	TFG	201	0	0.000000
3	100468177	100712334	ABI3BP	201	50	0.248756
3	105085555	105295744	ALCAM	201	3	0.014925
3	111451341	111695364	PHLDB2	201	21	0.104478
3	112323231	112359990	CCDC80	170	8	0.047059
3	112534554	112564797	CD200R1L	201	0	0.000000
3	113005775	113160361	CFAP44	201	13	0.064677
3	119187808	119213555	POGLUT1	201	24	0.119403
3	119243138	119278461	CD80	201	30	0.149254
3	119421867	119485949	MAATS1	201	2	0.009950
3	120403783	120461527	RABL3	201	9	0.044776
3	120627050	121143608	STXBP5L	192	15	0.078125
3	121150276	121264835	POLQ	201	16	0.079602
3	123328894	123603179	MYLK	201	19	0.094527
3	124480793	124620258	ITGB5	183	10	0.054645
3	128445024	128533641	RAB7A	175	6	0.034286
3	130064357	130203690	COL6A5	201	18	0.089552
3	130279176	130396981	COL6A6	197	2	0.010152
3	130397776	130465673	PIK3R4	201	2	0.009950
3	130569437	130735556	ATP2C1	195	3	0.015385
3	130745719	131069309	NEK11	201	7	0.034826
3	131043934	131100319	LOC339874	201	7	0.034826
3	132136344	132257876	DNAJC13	201	46	0.228856
3	132276980	132378975	ACAD11	201	42	0.208955
3	132276980	132441303	NPHP3-ACAD11	201	42	0.208955
3	133380840	133515485	TF	201	5	0.024876
3	141205867	141334198	RASA2	201	0	0.000000
3	141497041	141535892	GRK7	201	5	0.024876
3	141595483	141645391	ATP1B3	201	50	0.248756
3	141663268	141868386	TFDP2	201	39	0.194030
3	142984062	143567310	SLC9A9	201	9	0.044776
3	145910120	145968966	PLSCR4	184	0	0.000000
3	148583081	148614990	CPA3	201	10	0.049751
3	148847423	148891519	HPS3	201	18	0.089552
3	148880199	148939616	CP	201	29	0.144279
3	149456255	149470286	COMMD2	201	6	0.029851
3	150804583	151154465	MED12L	201	3	0.014925
3	151054629	151102600	P2RY12	201	3	0.014925
3	151151280	151176497	IGSF10	201	3	0.014925
3	153838790	153975616	ARHGEF26	201	39	0.194030
3	154741911	154901518	MME	201	4	0.019900
3	156977529	157221394	VEPH1	201	2	0.009950
3	166958073	167098085	ZBBX	201	11	0.054726
3	167196470	167375711	WDR49	201	0	0.000000
3	169556958	169587723	LRRC31	201	0	0.000000
3	170075501	170114637	SKIL	199	7	0.035176
3	183948139	183960117	VWA5B2	201	5	0.024876
3	183960087	183967313	ALG3	201	5	0.024876
3	183967458	184010819	EEF1AKMT4-ECE2	201	6	0.029851
3	183993808	184010819	ECE2	201	6	0.029851
3	184017027	184026838	PSMD2	201	6	0.029851
3	190146442	190167665	TMEM207	201	11	0.054726
3	190917028	190983404	OSTN	201	6	0.029851
3	191047181	191116448	CCDC50	201	18	0.089552
3	193116754	193272684	ATP13A4	201	3	0.014925
3	194995472	195163749	ACAP2	201	3	0.014925
3	196439246	196462878	PIGX	199	3	0.015075
3	196466726	196559518	PAK2	199	3	0.015075
chr	posStart	posEnd	geneName	totSamples	NeanSamples	PropNean
4	2965296	3042487	GRK4	201	3	0.014925
4	3076406	3245687	HTT	201	2	0.009950
4	6027924	6202276	JAKMIP1	201	10	0.049751
4	10075961	10118423	WDR1	201	2	0.009950
4	10488017	10686392	CLNK	201	3	0.014925
4	42112868	42154672	BEND4	179	8	0.044693
4	55944646	55991762	KDR	201	0	0.000000
4	56294066	56413076	CLOCK	201	19	0.094527
4	56422684	56458412	PDCL2	201	24	0.119403
4	56461396	56502960	NMU	201	24	0.119403
4	81106422	81125483	PRDM8	201	22	0.109453
4	81256872	81884910	CFAP299	184	1	0.005435
4	83739660	83821724	SEC31A	201	1	0.004975
4	83956334	83996971	COPS4	201	1	0.004975
4	99792833	99851788	EIF4E	201	0	0.000000
4	100432176	100463460	C4orf17	201	0	0.000000
4	100485233	100545154	MTTP	201	0	0.000000
4	100737982	100791347	DAPP1	201	25	0.124378
4	106067030	106200960	TET2	173	9	0.052023
4	106092509	106274038	TET2-AS1	173	9	0.052023
4	106473775	106602071	ARHGEF38	201	11	0.054726
4	106603782	106629881	INTS12	201	24	0.119403
4	113627172	114304896	ANK2	201	19	0.094527
4	114372186	114683083	CAMK2D	189	9	0.047619
4	115519556	115599381	UGT8	201	13	0.064677
4	115748917	116034776	NDST4	197	6	0.030457
4	119201191	119274158	PRSS12	200	33	0.165000
4	119606545	119636585	METTL14	195	18	0.092308
4	121613066	121844021	PRDM5	201	102	0.507463
4	122052561	122148638	TNIP3	201	9	0.044776
4	123091756	123283914	KIAA1109	201	32	0.159204
4	123300164	123350939	ADAD1	201	30	0.149254
4	123531261	123542221	IL21	201	36	0.179104
4	128554110	128647892	INTU	201	7	0.034826
4	128702949	128761888	HSPA4L	200	4	0.020000
4	128802046	128820379	PLK4	201	7	0.034826
4	128838885	128887118	MFSD8	201	6	0.029851
4	128886559	128961082	ABHD18	201	7	0.034826
4	128982465	129144081	LARP1B	200	7	0.035000
4	146678777	146859975	ZNF827	201	20	0.099502
4	150272859	150736995	IQCM	201	8	0.039801
4	151185585	151936879	LRBA	201	1	0.004975
4	153701087	153833509	ARFIP1	201	17	0.084577
4	154265799	154336270	MND1	183	6	0.032787
4	155152892	155412951	DCHS2	201	20	0.099502
4	156680171	156728926	GUCY1B1	201	9	0.044776
4	156750879	156787429	ASIC5	201	14	0.069652
4	162305042	163085186	FSTL5	201	4	0.019900
4	166248816	166264316	MSMO1	201	31	0.154229
4	169013686	169108887	ANXA10	199	23	0.115578
4	169277884	169401665	DDX60L	201	52	0.258706
4	175157807	175204818	FBXO8	201	2	0.009950
4	175205053	175254531	CEP44	197	2	0.010152
4	175411324	175444049	HPGD	201	10	0.049751
4	176986990	177103966	WDR17	201	17	0.084577
4	177134822	177190373	ASB5	201	90	0.447761
4	178351926	178363657	AGA	201	1	0.004975
4	187508946	187645010	FAT1	201	11	0.054726
chr	posStart	posEnd	geneName	totSamples	NeanSamples	PropNean
5	892997	918235	TRIP13	201	19	0.094527
5	5140441	5320417	ADAMTS16	197	3	0.015228
5	6713543	6757157	TENT4A	201	13	0.064677
5	7396249	7830194	ADCY2	201	3	0.014925
5	7859270	7869150	FASTKD3	201	7	0.034826
5	7869259	7901226	MTRR	201	7	0.034826
5	10971946	11904558	CTNND2	182	4	0.021978
5	19471403	20575822	CDH18	201	1	0.004975
5	31400599	31532200	DROSHA	201	6	0.029851
5	31532371	31555165	C5orf22	201	6	0.029851
5	31639236	32111038	PDZD2	184	5	0.027174
5	32227111	32313045	MTMR12	201	4	0.019900
5	34929662	34959069	DNAJC21	201	29	0.144279
5	35904388	35938881	CAPSL	201	0	0.000000
5	36098507	36151989	LMBRD2	201	17	0.084577
5	38845958	38935743	OSMR	201	2	0.009950
5	38938020	39074501	RICTOR	201	1	0.004975
5	41730165	41870527	OXCT1	201	0	0.000000
5	42423539	42721980	GHR	201	5	0.024876
5	42756918	42802541	CCDC152	201	5	0.024876
5	43526367	43557521	PAIP1	192	1	0.005208
5	43573285	43603332	NNT-AS1	201	12	0.059701
5	43602775	43707498	NNT	201	13	0.064677
5	49961763	50142353	PARP8	201	0	0.000000
5	56111374	56191979	MAP3K1	201	35	0.174129
5	57877977	58155221	RAB3C	200	65	0.325000
5	60169657	60240905	ERCC8	182	8	0.043956
5	60241030	60448853	NDUFAF2	201	14	0.069652
5	67511582	67597649	PIK3R1	201	12	0.059701
5	82348663	82373213	TMEM167A	189	2	0.010582
5	82373226	82649606	XRCC4	201	1	0.004975
5	86563698	86687743	RASA1	201	1	0.004975
5	86607286	86708850	CCNH	201	1	0.004975
5	94041240	94620279	MCTP1	201	0	0.000000
5	96096512	96149848	ERAP1	201	53	0.263682
5	96211641	96255420	ERAP2	201	24	0.119403
5	101707476	101834705	SLCO6A1	201	7	0.034826
5	108083596	108532542	FER	201	3	0.014925
5	111478135	111754974	EPB41L4A	201	4	0.019900
5	115140428	115152356	CDO1	198	1	0.005051
5	115298170	115363303	LVRN	201	3	0.014925
5	115420720	115628987	COMMD10	201	3	0.014925
5	122424934	122529960	PRDM6	201	8	0.039801
5	125695810	125830056	GRAMD2B	201	0	0.000000
5	131630085	131679883	SLC22A4	201	3	0.014925
5	131646967	131705608	MIR3936HG	201	3	0.014925
5	132211085	132299326	AFF4	200	1	0.005000
5	132387703	132442141	HSPA4	201	5	0.024876
5	140710250	140892546	PCDHGA1	201	1	0.004975
5	140718325	140892542	PCDHGA2	201	1	0.004975
5	140723394	140892542	PCDHGA3	201	1	0.004975
5	140729826	140892546	PCDHGB1	201	1	0.004975
5	140734586	140892542	PCDHGA4	201	1	0.004975
5	140739701	140892546	PCDHGB2	201	1	0.004975
5	140743896	140892546	PCDHGA5	201	1	0.004975
5	140749807	140892542	PCDHGB3	201	1	0.004975
5	140753456	140892542	PCDHGA6	201	1	0.004975
5	140762307	140892542	PCDHGA7	201	1	0.004975
5	140767450	140892542	PCDHGB4	201	1	0.004975
5	140771481	140892546	PCDHGA8	201	1	0.004975
5	140777693	140892546	PCDHGB5	201	1	0.004975
5	140782518	140892546	PCDHGA9	201	1	0.004975
5	140787768	140892546	PCDHGB6	201	1	0.004975
5	140792741	140892546	PCDHGA10	201	1	0.004975
5	140797242	140892542	PCDHGB7	201	1	0.004975
5	140800616	140892542	PCDHGA11	201	1	0.004975
5	140810072	140892542	PCDHGA12	201	1	0.004975
5	140855531	140892542	PCDHGC3	201	1	0.004975
5	140864739	140892546	PCDHGC4	201	1	0.004975
5	140894586	140998567	DIAPH1	201	1	0.004975
5	141032967	141061797	ARAP3	201	24	0.119403
5	145463874	145485140	PLAC8L1	201	90	0.447761
5	145492587	145562350	LARS1	201	88	0.437811
5	145826894	145891524	TCERG1	201	36	0.179104
5	146939555	147041572	JAKMIP2-AS1	201	0	0.000000
5	146964999	147162291	JAKMIP2	201	0	0.000000
5	147204141	147218794	SPINK1	201	0	0.000000
5	147443533	147516945	SPINK5	201	22	0.109453
5	147647868	147763413	LOC102546294	201	0	0.000000
5	147691984	147695482	SPINK7	201	0	0.000000
5	147763496	147822399	FBXO38	201	0	0.000000
5	148521008	148640002	ABLIM3	183	1	0.005464
5	148961059	149014531	ARHGEF37	201	3	0.014925
5	149493400	149535408	PDGFRB	201	2	0.009950
5	149737200	149779871	TCOF1	201	31	0.154229
5	150480265	150537340	ANXA6	198	41	0.207071
5	150694531	150727120	SLC36A2	201	0	0.000000
5	153369706	153418470	FAM114A2	200	0	0.000000
5	156512841	156536055	HAVCR2	201	5	0.024876
5	156607905	156682109	ITK	201	9	0.044776
5	159990125	160279218	ATP10B	201	11	0.054726
5	167913474	167946306	RARS1	201	78	0.388060
5	168088743	168728143	SLIT3	201	84	0.417910
5	168133930	168147889	LOC101927969	201	80	0.398010
5	168690603	168690698	MIR585	201	0	0.000000
5	169064277	169510386	DOCK2	201	0	0.000000
5	176560078	176727214	NSD1	200	8	0.040000
5	178368197	178393434	ZNF454	201	1	0.004975
5	179921377	180005358	CNOT6	200	12	0.060000
chr	posStart	posEnd	geneName	totSamples	NeanSamples	PropNean
6	3000048	3020110	NQO2	201	1	0.004975
6	6144315	6320895	F13A1	185	6	0.032432
6	17393734	17558023	CAP2	201	10	0.049751
6	17759412	17987866	KIF13A	201	12	0.059701
6	18224089	18264761	DEK	201	1	0.004975
6	18387579	18469105	RNF144B	201	6	0.029851
6	25279600	25620758	CARMIL1	201	14	0.069652
6	26021905	26022278	H4C1	201	0	0.000000
6	26597179	26600967	ABT1	201	45	0.223881
6	27100093	27100575	H2BC11	201	38	0.189055
6	27834568	27835359	H1-5	201	0	0.000000
6	28058583	28063493	ZSCAN12P1	201	25	0.124378
6	33551474	33556803	GGNBP1	201	57	0.283582
6	33553881	33561115	LINC00336	201	57	0.283582
6	33762448	33771780	MLN	201	50	0.248756
6	35465649	35480673	TULP1	201	28	0.139303
6	35541360	35696360	FKBP5	201	0	0.000000
6	37598453	37665659	MDGA1	201	4	0.019900
6	39297764	39693199	KIF6	201	10	0.049751
6	40994632	41006960	UNC5CL	201	0	0.000000
6	41020938	41032630	APOBEC2	201	0	0.000000
6	41032509	41065526	OARD1	198	1	0.005051
6	41040711	41070142	NFYA	198	1	0.005051
6	41116996	41122087	TREML1	201	0	0.000000
6	41176290	41185685	TREML3P	201	4	0.019900
6	41196085	41206620	TREML4	201	4	0.019900
6	41873089	41888877	MED20	201	8	0.039801
6	42931601	42946919	PEX6	201	10	0.049751
6	43027330	43042831	KLC4	201	12	0.059701
6	43044050	43129458	PTK7	180	21	0.116667
6	43149932	43192325	CUL9	199	40	0.201005
6	43265996	43273276	SLC22A7	201	42	0.208955
6	43484760	43530144	POLR1C	201	26	0.129353
6	43490066	43543812	XPO5	201	26	0.129353
6	44776792	45345671	SUPT3H	201	19	0.094527
6	45866186	46097556	CLIC5	201	4	0.019900
6	51480095	51952411	PKHD1	201	22	0.109453
6	52285138	52361996	EFHC1	182	14	0.076923
6	54173237	54254940	TINAG	201	0	0.000000
6	55299169	55444012	HMGCLL1	193	0	0.000000
6	56322783	56819628	DST	201	101	0.502488
6	56708782	56729136	DST-AS1	201	82	0.407960
6	64429874	66417119	EYS	200	42	0.210000
6	70576446	70922171	COL19A1	201	22	0.109453
6	71123105	71270877	FAM135A	201	4	0.019900
6	71377584	71571718	SMAP1	201	25	0.124378
6	73331569	73908574	KCNQ5	201	0	0.000000
6	75794040	75915769	COL12A1	201	12	0.059701
6	76311223	76427997	SENP6	201	1	0.004975
6	76458954	76629254	MYO6	201	1	0.004975
6	82879702	82957461	IBTK	200	11	0.055000
6	88757557	88776556	SPACA1	201	2	0.009950
6	89790468	89794879	PNRC1	201	6	0.029851
6	89887221	89941007	GABRR1	173	5	0.028902
6	99817275	99842071	COQ3	194	49	0.252577
6	99880180	99963365	USP45	201	84	0.417910
6	99990261	100016690	CCNC	201	81	0.402985
6	100956068	101329248	ASCC3	201	2	0.009950
6	105721091	105850957	PREP	201	1	0.004975
6	106808590	107019892	CRYBG1	201	7	0.034826
6	108362611	108395945	OSTM1	201	11	0.054726
6	109169617	109295679	ARMC2	201	6	0.029851
6	111408704	111552397	SLC16A10	201	51	0.253731
6	111580540	111592370	MFSD4B	178	30	0.168539
6	116252310	116382054	FRK	189	0	0.000000
6	116422014	116570660	NT5DC1	201	0	0.000000
6	116440070	116447295	COL10A1	201	0	0.000000
6	117198403	117253324	RFX6	201	2	0.009950
6	117609528	117747018	ROS1	201	42	0.208955
6	121400638	121655875	TBC1D32	200	7	0.035000
6	129204281	129837711	LAMA2	201	3	0.014925
6	130339724	130462594	L3MBTL3	201	27	0.134328
6	133135706	133138703	RPS12	201	24	0.119403
6	134210249	134216675	TCF21	201	1	0.004975
6	134273306	134311570	TBPL1	192	0	0.000000
6	137518619	137540567	IFNGR1	201	0	0.000000
6	138743178	138893706	NHSL1	200	6	0.030000
6	144471652	144513076	STX11	201	0	0.000000
6	144612871	145174170	UTRN	201	1	0.004975
6	147829824	147891157	SAMD5	180	23	0.127778
6	148593462	148873186	SASH1	200	30	0.150000
6	157097158	157531913	ARID1B	201	12	0.059701
6	157802220	158099189	ZDHHC14	201	3	0.014925
6	168227242	168372702	AFDN	201	20	0.099502
6	168841862	169068672	SMOC2	184	0	0.000000
chr	posStart	posEnd	geneName	totSamples	NeanSamples	PropNean
7	2273828	2281840	MRM2	199	19	0.095477
7	2393719	2420380	EIF3B	191	0	0.000000
7	5229862	5273486	WIPI2	201	0	0.000000
7	5494054	5553440	FBXL18	201	1	0.004975
7	5659676	5821294	RNF216	201	8	0.039801
7	6144578	6201195	USP42	201	4	0.019900
7	6201408	6312255	CYTH3	199	2	0.010050
7	6448745	6487643	DAGLB	201	11	0.054726
7	6500718	6523783	KDELR2	201	9	0.044776
7	7397504	7575504	COL28A1	201	2	0.009950
7	8008425	8128710	GLCCI1	201	17	0.084577
7	11013497	11209245	PHF14	201	9	0.044776
7	12250918	12282993	TMEM106B	201	26	0.129353
7	12610344	12699807	SCIN	178	4	0.022472
7	13930852	14031050	ETV1	201	16	0.079602
7	14184672	15014483	DGKB	196	17	0.086735
7	19184403	19185044	FERD3L	201	2	0.009950
7	19758936	19813240	TMEM196	201	9	0.044776
7	20655288	20796631	ABCB5	201	26	0.129353
7	21467699	21554440	SP4	201	2	0.009950
7	21582655	21941457	DNAH11	201	2	0.009950
7	24737972	24797558	GSDME	201	26	0.129353
7	27778990	27869386	TAX1BP1	196	48	0.244898
7	27870194	28220414	JAZF1	201	55	0.273632
7	28338938	28865511	CREB5	201	1	0.004975
7	29034250	29235067	CPVL	201	6	0.029851
7	31790791	32467836	PDE1C	201	4	0.019900
7	38217845	38270270	STARD3NL	194	29	0.149485
7	38423295	38671167	AMPH	201	47	0.233831
7	38762572	38948800	VPS41	200	23	0.115000
7	40174573	40900366	SUGCT	200	3	0.015000
7	42000545	42276808	GLI3	201	34	0.169154
7	43152244	43605600	HECW1	179	50	0.279330
7	44605014	44614137	DDX56	199	29	0.145729
7	44646224	44748665	OGDH	201	17	0.084577
7	50526132	50633102	DDC	173	18	0.104046
7	55538299	55640195	VOPP1	201	8	0.039801
7	56032276	56067872	NIPSNAP2	201	24	0.119403
7	70597128	71178584	GALNT17	199	6	0.030151
7	76940066	77045666	GSAP	200	40	0.200000
7	77166610	77269386	PTPN12	201	19	0.094527
7	77428088	77586821	PHTF2	201	0	0.000000
7	81575758	82073272	CACNA2D1	201	0	0.000000
7	94536904	94925727	PPP1R9A	201	2	0.009950
7	95212809	95225828	PDK4	201	7	0.034826
7	97736172	97838950	LMTK2	201	6	0.029851
7	100797755	100804557	AP1S1	201	0	0.000000
7	100813775	100823574	NAT16	201	0	0.000000
7	100838286	100844317	MOGAT3	201	2	0.009950
7	101256608	101272576	MYL10	201	19	0.094527
7	104654635	104755466	KMT2E	201	0	0.000000
7	105172526	105208131	RINT1	201	2	0.009950
7	105205553	105221989	EFCAB10	196	1	0.005102
7	128516917	128550763	KCP	201	0	0.000000
7	128594232	128695227	TNPO3	194	30	0.154639
7	128695275	128697293	TPI1P2	201	34	0.169154
7	128828472	128853386	SMO	201	12	0.059701
7	128864869	129070052	AHCYL2	201	13	0.064677
7	129470570	129592800	UBE2H	201	33	0.164179
7	129804551	129845246	TMEM209	176	48	0.272727
7	129906701	129929638	CPA2	200	74	0.370000
7	134868589	134896278	WDR91	201	0	0.000000
7	154735398	154794834	PAXIP1	201	0	0.000000
7	156461704	156685902	LMBR1	201	23	0.114428
7	156931618	157062064	UBE3C	201	27	0.134328
7	157331744	158380515	PTPRN2	201	19	0.094527
7	158820864	158937649	VIPR2	200	4	0.020000
chr	posStart	posEnd	geneName	totSamples	NeanSamples	PropNean
8	2792881	4852436	CSMD1	201	63	0.313433
8	12803180	12887286	TRMT9B	201	16	0.079602
8	16884745	16980151	MICU3	199	16	0.080402
8	17104399	17190964	VPS37A	201	78	0.388060
8	17154301	17270860	MTMR7	201	78	0.388060
8	17780364	17887457	PCM1	201	10	0.049751
8	18384811	18871213	PSD3	201	14	0.069652
8	19261670	19615540	CSGALNACT1	198	1	0.005051
8	21547908	21646387	GFRA2	201	1	0.004975
8	22022883	22069839	BMP1	201	13	0.064677
8	25699239	25902929	EBF2	196	17	0.086735
8	26149022	26230196	PPP2R2A	188	5	0.026596
8	26240568	26270643	BNIP3L	201	10	0.049751
8	29952922	29995864	LEPROTL1	180	4	0.022222
8	30013883	30041155	DCTN6	201	4	0.019900
8	41386778	41402549	GINS4	201	15	0.074627
8	79645005	79717758	IL7	198	20	0.101010
8	87484576	87526586	RMDN1	201	0	0.000000
8	98881290	99048952	MATN2	201	37	0.184080
8	101585100	101661893	SNX31	201	1	0.004975
8	102504665	102681954	GRHL2	198	1	0.005051
8	103216727	103251189	RRM2B	197	18	0.091371
8	103264499	103424928	UBR5	201	21	0.104478
8	103838528	103876428	AZIN1	201	50	0.248756
8	104033309	104085279	ATP6V1C1	201	49	0.243781
8	104410864	104427563	SLC25A32	201	29	0.144279
8	104512836	105268322	RIMS2	201	70	0.348259
8	123793892	123986750	ZHX2	201	1	0.004975
8	124780677	124827692	FAM91A1	191	8	0.041885
8	124864225	125132302	FER1L6	201	0	0.000000
8	125058310	125183763	FER1L6-AS2	201	0	0.000000
8	130760440	130798870	GSDMC	201	14	0.069652
8	131064348	131455920	ASAP1	201	19	0.094527
8	132916338	133025889	EFR3A	201	2	0.009950
chr	posStart	posEnd	geneName	totSamples	NeanSamples	PropNean
9	6720861	7175648	KDM4C	201	6	0.029851
9	12693383	12710285	TYRP1	201	13	0.064677
9	18474149	18910948	ADAMTSL1	201	9	0.044776
9	27284650	27297148	EQTN	186	0	0.000000
9	32972602	33025118	APTX	201	51	0.253731
9	33025199	33039905	DNAJA1	201	51	0.253731
9	33041761	33076672	SMU1	188	34	0.180851
9	33921689	34049197	UBAP2	201	40	0.199005
9	34458748	34520987	DNAI1	201	22	0.109453
9	34621044	34629052	ARID3C	191	14	0.073298
9	34646584	34651032	GALT	201	17	0.084577
9	34652180	34661899	IL11RA	201	17	0.084577
9	71320154	71624092	PIP5K1B	201	2	0.009950
9	71394979	71400482	FAM122A	201	2	0.009950
9	71939486	72007389	FAM189A2	201	7	0.034826
9	73143974	74061887	TRPM3	181	0	0.000000
9	79000440	79009342	RFK	199	22	0.110553
9	79792359	80036453	VPS13A	201	4	0.019900
9	80850989	80894606	CEP78	200	6	0.030000
9	86237962	86259045	IDNK	192	1	0.005208
9	86582996	86595697	HNRNPK	201	0	0.000000
9	91926108	91931618	CKS2	184	12	0.065217
9	91975700	92113028	SEMA4D	201	30	0.149254
9	93976095	94124251	AUH	200	34	0.170000
9	94484881	94712510	ROR2	199	19	0.095477
9	94793427	94877695	SPTLC1	201	10	0.049751
9	94972487	95056038	IARS1	201	12	0.059701
9	95059638	95087876	NOL8	201	12	0.059701
9	95087748	95382811	CENPP	201	18	0.089552
9	95218485	95244788	ASPN	199	13	0.065327
9	95375463	95432413	IPPK	201	15	0.074627
9	95947210	96082854	WNK2	201	16	0.079602
9	98205260	98279339	PTCH1	185	1	0.005405
9	98637971	98780729	ERCC6L2	201	15	0.074627
9	99516829	99540411	ZNF510	201	0	0.000000
9	101494289	101558837	ANKS6	194	1	0.005155
9	101569950	101612363	GALNT12	201	17	0.084577
9	103791007	104087417	PLPPR1	201	6	0.029851
9	104331632	104500929	GRIN3A	201	55	0.273632
9	108210313	108314714	FSD1L	201	5	0.024876
9	108320409	108403399	FKTN	201	5	0.024876
9	110045558	110094475	RAD23B	201	38	0.189055
9	110247131	110252050	KLF4	201	8	0.039801
9	111934252	112083244	EPB41L4B	182	2	0.010989
9	112403066	112934792	PALM2AKAP2	201	46	0.228856
9	113127526	113342021	SVEP1	201	63	0.313433
9	114122963	114246663	ECPAS	201	27	0.134328
9	114287457	114340397	ZNF483	201	26	0.129353
9	114312000	114362135	PTGR1	201	26	0.129353
9	115513038	115637267	SNX30	201	38	0.189055
9	116207008	116360023	RGS3	189	16	0.084656
9	125512125	125513062	OR1L6	201	2	0.009950
9	128509650	128729656	PBX3	201	0	0.000000
9	130159415	130170177	SLC2A8	201	0	0.000000
9	130267620	130341310	NIBAN2	200	0	0.000000
9	130469265	130478281	CFAP157	201	0	0.000000
9	130478356	130493869	TTC16	201	0	0.000000
9	130500594	130540945	SH2D3C	201	0	0.000000
9	130683158	130693056	PIP5KL1	201	1	0.004975
9	130697372	130700763	DPM2	201	1	0.004975
9	131133596	131154295	URM1	201	0	0.000000
9	131217432	131263571	ODF2	201	2	0.009950
9	132589567	132597554	C9orf78	201	6	0.029851
9	132597694	132644117	USP20	201	6	0.029851
9	132649464	132805468	FNBP1	201	7	0.034826
9	132815983	132902448	GPR107	200	12	0.060000
9	133589266	133763062	ABL1	200	2	0.010000
9	133777823	133814634	FIBCD1	201	1	0.004975
9	133884559	133969860	LAMC3	201	5	0.024876
9	134305475	134375578	PRRC2B	201	2	0.009950
9	135600963	135754433	AK8	200	10	0.050000
9	136215071	136218281	RPL7A	201	40	0.199005
9	136218611	136223363	SURF1	185	21	0.113514
9	136223424	136228034	SURF2	201	41	0.203980
9	136228323	136244820	SURF4	201	41	0.203980
9	136279457	136324525	ADAMTS13	201	33	0.164179
9	138585251	138591327	SOHLH1	201	5	0.024876
9	139971967	139978990	UAP1L1	201	2	0.009950
9	139981435	140003635	MAN1B1	201	2	0.009950
9	140004996	140009185	DPP7	201	2	0.009950
