chr	posStart	posEnd	geneName	totSamples	NeanSamples	PropNean
10	3109738	3178997	PFKP	504	14	0.027778
10	3179917	3215033	PITRM1	504	14	0.027778
10	3183791	3190821	PITRM1-AS1	504	14	0.027778
10	4868367	4890254	AKR1E2	504	97	0.192460
10	5435062	5446791	TUBAL3	504	98	0.194444
10	5454518	5501019	NET1	504	101	0.200397
10	5903577	5931860	ANKRD16	504	138	0.273810
10	5931533	5979558	FBH1	504	152	0.301587
10	11495943	11653788	USP6NL	504	161	0.319444
10	11962019	12085169	UPF2	504	2	0.003968
10	12110951	12165220	DHTKD1	504	18	0.035714
10	12238185	12292588	CDC123	504	76	0.150794
10	13628963	13672859	PRPF18	504	5	0.009921
10	13685704	14372923	FRMD4A	504	5	0.009921
10	17686148	17758823	STAM	504	53	0.105159
10	21068900	21463116	NEBL	504	150	0.297619
10	23490843	23633726	C10orf67	504	47	0.093254
10	23983654	24836777	KIAA1217	504	150	0.297619
10	24872541	25012816	ARHGAP21	504	38	0.075397
10	25137541	25241535	PRTFDC1	504	97	0.192460
10	27035523	27150016	ABI1	504	132	0.261905
10	27399038	27443349	YME1L1	504	138	0.273810
10	27471765	27531040	ACBD5	504	122	0.242063
10	27793101	27831168	RAB18	504	223	0.442460
10	28101095	28288008	ARMC4	504	158	0.313492
10	43689979	43762513	RASGEF1A	504	95	0.188492
10	43867082	43871783	FXYD4	504	40	0.079365
10	43932294	43978629	ZNF487	504	42	0.083333
10	44124263	44170147	ZNF32-AS3	504	135	0.267857
10	44139305	44144329	ZNF32	504	135	0.267857
10	44139318	44140495	ZNF32-AS1	504	135	0.267857
10	44340752	44346070	LINC00619	504	161	0.319444
10	45950031	46090354	MARCHF8	504	0	0.000000
10	61548503	61666314	CCDC6	504	5	0.009921
10	61786054	62493286	ANK3	504	1	0.001984
10	63166398	63213139	TMEM26	504	51	0.101190
10	64133914	64431771	ZNF365	504	99	0.196429
10	67672274	69455953	CTNNA3	504	108	0.214286
10	68685792	68861309	LRRTM3	504	108	0.214286
10	70173819	70231878	DNA2	504	116	0.230159
10	70480994	70552134	CCAR1	504	55	0.109127
10	70661069	70706603	DDX50	504	54	0.107143
10	70715924	70744825	DDX21	504	51	0.101190
10	73156675	73575704	CDH23	504	0	0.000000
10	79734905	79789273	POLR3A	504	15	0.029762
10	86088343	86278277	CCSER2	504	63	0.125000
10	88426543	88495829	LDB3	504	0	0.000000
10	89623380	89731687	PTEN	504	9	0.017857
10	90694829	90751154	ACTA2	504	116	0.230159
10	91190054	91295351	SLC16A12	504	204	0.404762
10	91215746	91227908	SLC16A12-AS1	504	204	0.404762
10	91461345	91534700	KIF20B	504	224	0.444444
10	94211439	94333852	IDE	504	43	0.085317
10	111624522	111683311	XPNPEP1	504	7	0.013889
10	111967361	112047123	MXI1	504	0	0.000000
10	112050486	112064678	SMNDC1	504	56	0.111111
10	112836785	112840665	ADRA2A	504	9	0.017857
10	120435921	120514482	CACUL1	504	0	0.000000
10	121588914	121633140	MCMBP	504	172	0.341270
10	121652240	121704169	SEC23IP	504	181	0.359127
10	122216464	122349376	PLPP4	504	2	0.003968
10	124030809	124097685	BTBD16	504	204	0.404762
10	124221067	124274423	HTRA1	504	156	0.309524
10	124457223	124459362	C10orf120	504	106	0.210317
10	126672884	126849599	CTBP2	504	5	0.009921
10	127408082	127452712	EDRF1	504	8	0.015873
10	127455020	127464390	MMP21	504	10	0.019841
10	127473547	127511837	UROS	504	0	0.000000
10	127512113	127542264	BCCIP	504	0	0.000000
10	127700958	128077046	ADAM12	504	6	0.011905
10	131265503	131569247	MGMT	504	14	0.027778
10	131934637	131978646	GLRX3	504	79	0.156746
10	134351289	134596984	INPP5A	504	25	0.049603
chr	posStart	posEnd	geneName	totSamples	NeanSamples	PropNean
11	3696238	3818784	NUP98	504	1	0.001984
11	11863517	11983434	USP47	504	176	0.349206
11	20409074	20530884	PRMT3	504	260	0.515873
11	20621152	20680831	SLC6A5	504	287	0.569444
11	22214629	22304913	ANO5	504	196	0.388889
11	22840471	22851347	SVIP	504	31	0.061508
11	26210668	26684836	ANO3	504	4	0.007937
11	32409319	32457085	WT1	504	1	0.001984
11	36589561	36601312	RAG1	504	0	0.000000
11	44117097	44273531	EXT2	504	35	0.069444
11	48002109	48192391	PTPRJ	504	1	0.001984
11	55681124	55682058	OR5W2	504	1	0.001984
11	57067114	57092426	TNKS1BP1	504	2	0.003968
11	57093460	57103366	SSRP1	504	1	0.001984
11	57105824	57139869	P2RX3	504	1	0.001984
11	57174425	57195053	SLC43A3	504	3	0.005952
11	57319126	57335803	UBE2L6	504	2	0.003968
11	57479993	57586652	TMX2-CTNND1	504	3	0.005952
11	57529272	57587012	CTNND1	504	3	0.005952
11	57791351	57949088	OR9Q1	504	12	0.023810
11	57798423	57799378	OR6Q1	504	12	0.023810
11	58034262	58035732	OR10W1	504	1	0.001984
11	58294342	58345712	LPXN	504	1	0.001984
11	58346534	58389023	ZFP91	504	1	0.001984
11	58346585	58393206	ZFP91-CNTF	504	1	0.001984
11	58938901	58976061	DTX4	504	1	0.001984
11	60145956	60163427	MS4A7	504	50	0.099206
11	60163485	60185229	MS4A14	504	0	0.000000
11	60223280	60238225	MS4A1	504	36	0.071429
11	68452010	68458643	GAL	504	4	0.007937
11	68671317	68708069	IGHMBP2	504	4	0.007937
11	71996537	72145728	CLPB	504	4	0.007937
11	85405262	85522202	SYTL2	504	4	0.007937
11	85566142	85631064	CCDC83	504	0	0.000000
11	89867829	89926062	NAALAD2	504	17	0.033730
11	89933595	89956532	CHORDC1	504	11	0.021825
11	93394846	93463524	CEP295	504	54	0.107143
11	98891677	100229616	CNTN5	504	167	0.331349
11	100554890	100558686	LOC100128386	504	194	0.384921
11	100558017	100864672	ARHGAP42	504	312	0.619048
11	100900353	101000544	PGR	504	10	0.019841
11	101918166	101955291	CFAP300	504	0	0.000000
11	102582525	102595685	MMP8	504	0	0.000000
11	102733465	102745712	MMP12	504	35	0.069444
11	102980153	103350591	DYNC2H1	504	8	0.015873
11	107197069	107328572	CWF19L2	504	3	0.005952
11	107373451	107436461	ALKBH8	504	3	0.005952
11	111116448	111157126	C11orf53	504	6	0.011905
11	111473171	111601579	SIK2	504	1	0.001984
11	111652917	111742305	ALG9	504	1	0.001984
11	111779286	111794464	CRYAB	504	1	0.001984
11	111783458	111797595	HSPB2-C11orf52	504	1	0.001984
11	111789635	111797595	C11orf52	504	1	0.001984
11	111797866	111893377	DIXDC1	504	1	0.001984
11	111896130	111935128	DLAT	504	1	0.001984
11	111934732	111944895	PIH1D2	504	1	0.001984
11	113185303	113244019	TTC12	504	7	0.013889
11	116644513	116658739	ZPR1	504	0	0.000000
11	116706831	116726445	APOA1-AS	504	50	0.099206
11	116714124	116969144	SIK3	504	50	0.099206
11	117049457	117068158	SIDT2	504	38	0.075397
11	117192492	117283982	CEP164	504	0	0.000000
11	118064438	118095726	JAML	504	15	0.029762
11	118307203	118397547	KMT2A	504	26	0.051587
11	118443100	118473748	ARCN1	504	12	0.023810
11	118477149	118528738	PHLDB1	504	39	0.077381
11	118618470	118661873	DDX6	504	154	0.305556
11	118967218	118972563	DPAGT1	504	11	0.021825
11	119019760	119033375	ABCG4	504	14	0.027778
11	119039041	119054725	NLRX1	504	15	0.029762
11	119056182	119060922	PDZD3	504	15	0.029762
11	119060345	119066551	CCDC153	504	15	0.029762
11	119205235	119208019	RNF26	504	14	0.027778
11	120207120	120360646	ARHGEF12	504	74	0.146825
11	122940578	123065956	CLMP	504	153	0.303571
11	124617368	124622151	VSIG2	504	2	0.003968
11	124753585	124767761	ROBO4	504	11	0.021825
11	124824096	124911385	CCDC15	504	5	0.009921
11	125104931	125303285	PKNOX2	504	0	0.000000
chr	posStart	posEnd	geneName	totSamples	NeanSamples	PropNean
12	1901127	2027818	CACNA2D4	504	1	0.001984
12	7074488	7079916	PHB2	504	9	0.017857
12	7080074	7105520	EMG1	504	14	0.027778
12	7085345	7125780	LPCAT3	504	14	0.027778
12	7247148	7261810	C1RL	504	8	0.015873
12	7260902	7274447	C1RL-AS1	504	8	0.015873
12	7282965	7311541	CLSTN3	504	9	0.017857
12	10851686	10875922	YBX3	504	29	0.057540
12	12510010	12624167	BORCS5	504	202	0.400794
12	12626214	12715797	DUSP16	504	157	0.311508
12	14518564	14655869	ATF7IP	504	0	0.000000
12	14765564	14849533	GUCY2C	504	16	0.031746
12	15033796	15038788	MGP	504	31	0.061508
12	15773066	15942322	EPS8	504	42	0.083333
12	16500074	16530126	MGST1	504	53	0.105159
12	18836112	18890946	PLCZ1	504	1	0.001984
12	19282665	19529334	PLEKHA5	504	1	0.001984
12	20522177	20837041	PDE3A	504	1	0.001984
12	21417532	21548371	SLCO1A2	504	3	0.005952
12	22346323	22487648	ST8SIA1	504	46	0.091270
12	25261221	25348094	CASC1	504	93	0.184524
12	25629014	25801512	LMNTD1	504	24	0.047619
12	26488283	26986127	ITPR2	504	29	0.057540
12	27175453	27183606	MED21	504	29	0.057540
12	27397217	27478892	STK38L	504	35	0.069444
12	27619741	27655118	SMCO2	504	6	0.011905
12	29302209	29488549	FAR2	504	64	0.126984
12	29490283	29534105	ERGIC2	504	68	0.134921
12	29653744	29937692	TMTC1	504	10	0.019841
12	31535155	31744070	DENND5B	504	22	0.043651
12	32259739	32536567	BICD1	504	5	0.009921
12	32832132	32898584	DNM1L	504	2	0.003968
12	32899476	32908831	YARS2	504	2	0.003968
12	33527171	33592754	SYT10	504	1	0.001984
12	39046003	39299393	CPNE8	504	1	0.001984
12	39687028	39836922	KIF21A	504	1	0.001984
12	39943833	40013605	ABCD2	504	0	0.000000
12	40148825	40499883	SLC2A13	504	34	0.067460
12	40618797	40763087	LRRK2	504	62	0.123016
12	40787194	40964559	MUC19	504	62	0.123016
12	42850557	42983548	PRICKLE1	504	73	0.144841
12	43747667	43946006	ADAMTS20	504	118	0.234127
12	44152745	44183346	IRAK4	504	46	0.091270
12	45456399	45459194	RACGAP1P	504	175	0.347222
12	46751969	46766556	SLC38A2	504	18	0.035714
12	48103515	48119273	ENDOU	504	2	0.003968
12	48128144	48152663	RAPGEF3	504	2	0.003968
12	48722761	48724062	H1-7	504	5	0.009921
12	53083408	53097308	KRT77	504	153	0.303571
12	53662081	53687422	ESPL1	504	0	0.000000
12	55341797	55378546	TESPA1	504	35	0.069444
12	56078350	56106192	ITGA7	504	7	0.013889
12	56146245	56211540	SARNP	504	5	0.009921
12	56211823	56215663	ORMDL2	504	5	0.009921
12	56229215	56236720	MMP19	504	5	0.009921
12	56810145	56843210	TIMELESS	504	3	0.005952
12	57489189	57505145	STAT6	504	24	0.047619
12	57522264	57607144	LRP1	504	55	0.109127
12	57881849	57910435	MARS1	504	32	0.063492
12	57923831	57941114	DCTN2	504	0	0.000000
12	57998605	58003585	DTX3	504	113	0.224206
12	58141508	58146093	CDK4	504	3	0.005952
12	58156115	58160861	CYP27B1	504	3	0.005952
12	58176526	58196639	TSFM	504	3	0.005952
12	58191157	58209852	AVIL	504	3	0.005952
12	59265935	59314319	LRIG3	504	47	0.093254
12	59989808	60183622	SLC16A7	504	2	0.003968
12	66696271	66737423	HELB	504	72	0.142857
12	66741209	67198049	GRIP1	504	56	0.111111
12	69979237	69995350	CCT2	504	1	0.001984
12	70037286	70093196	BEST3	504	1	0.001984
12	70132638	70216984	RAB3IP	504	1	0.001984
12	70909648	71031209	PTPRB	504	1	0.001984
12	72666527	73059422	TRHDE	504	6	0.011905
12	78224672	78606790	NAV3	504	27	0.053571
12	96260824	96336392	CCDC38	504	25	0.049603
12	96883353	97269333	CFAP54	504	106	0.210317
12	97301033	97347558	NEDD1	504	80	0.158730
12	98847616	98850923	SLC9A7P1	504	224	0.444444
12	99039066	99129211	APAF1	504	201	0.398810
12	100593863	100618202	ACTR6	504	39	0.077381
12	100597445	100660857	DEPDC4	504	39	0.077381
12	100967460	101022066	GAS2L3	504	23	0.045635
12	101188552	101522419	ANO4	504	15	0.029762
12	101673881	101780396	UTP20	504	81	0.160714
12	102139275	102224737	GNPTAB	504	256	0.507937
12	102789650	102874341	IGF1	504	234	0.464286
12	103631367	103889788	C12orf42	504	181	0.359127
12	104324186	104341704	HSP90B1	504	271	0.537698
12	104359580	104382656	TDG	504	272	0.539683
12	104382759	104457955	GLT8D2	504	271	0.537698
12	105501507	105562908	WASHC4	504	62	0.123016
12	105567073	105630008	APPL2	504	62	0.123016
12	105724467	105765296	C12orf75	504	0	0.000000
12	106696509	106740781	TCP11L2	504	19	0.037698
12	106751524	106903976	POLR3B	504	21	0.041667
12	107385140	107487327	CRY1	504	10	0.019841
12	107712209	108053419	BTBD11	504	0	0.000000
12	113796390	113829434	PLBD2	504	74	0.146825
12	117890815	118406795	KSR2	504	12	0.023810
12	120972157	121015391	RNF10	504	10	0.019841
12	121078420	121105127	CABP1	504	5	0.009921
12	121438287	121454290	C12orf43	504	6	0.011905
12	121570677	121625835	P2RX7	504	53	0.105159
12	121647930	121671909	P2RX4	504	86	0.170635
12	122242628	122270562	SETD1B	504	13	0.025794
12	122516660	122631891	MLXIP	504	2	0.003968
12	130822430	130857182	PIWIL1	504	62	0.123016
12	130880676	131200850	RIMBP2	504	39	0.077381
12	132413819	132430441	PUS1	504	37	0.073413
12	132434485	132565005	EP400	504	45	0.089286
12	133200346	133263928	POLE	504	94	0.186508
chr	posStart	posEnd	geneName	totSamples	NeanSamples	PropNean
13	25338305	25454059	RNF17	504	75	0.148810
13	25875761	25916559	NUP58	504	77	0.152778
13	25946110	26599989	ATP8A2	504	0	0.000000
13	27825690	27830705	RPL21	504	1	0.001984
13	31709108	31736525	HSPH1	504	6	0.011905
13	35516422	36246874	NBEA	504	1	0.001984
13	36342787	36706076	DCLK1	504	1	0.001984
13	41129802	41240778	FOXO1	504	17	0.033730
13	41506053	41635522	ELF1	504	46	0.091270
13	41635643	41658142	WBP4	504	43	0.085317
13	42140969	42535245	VWA8	504	19	0.037698
13	42846286	42897397	AKAP11	504	47	0.093254
13	51935711	52027172	INTS6	504	81	0.160714
13	66876964	67804468	PCDH9	504	73	0.144841
13	73326305	73356038	DIS3	504	0	0.000000
13	73356269	73590599	PIBF1	504	1	0.001984
13	77579393	77601294	FBXL3	504	78	0.154762
13	77618790	77901229	MYCBP2	504	65	0.128968
13	78109807	78219398	SCEL	504	127	0.251984
13	78393070	78482577	EDNRB-AS1	504	35	0.069444
13	78469614	78549662	EDNRB	504	36	0.071429
13	95672081	95953705	ABCC4	504	1	0.001984
13	99336053	99404926	SLC15A1	504	2	0.003968
13	99445681	99738948	DOCK9	504	3	0.005952
13	108870738	108886591	ABHD13	504	72	0.142857
13	109248251	109860353	MYO16	504	191	0.378968
13	113301356	113338811	ATP11AUN	504	10	0.019841
13	113623526	113754056	MCF2L	504	77	0.152778
chr	posStart	posEnd	geneName	totSamples	NeanSamples	PropNean
14	20754384	20774110	TTC5	504	1	0.001984
14	24028774	24037000	AP1G2	504	15	0.029762
14	24030304	24037285	LOC102724814	504	15	0.029762
14	24037245	24047999	JPH4	504	15	0.029762
14	31760992	31889756	HEATR5A	504	6	0.011905
14	42076057	42373752	LRFN5	504	1	0.001984
14	45431391	45543634	TOGARAM1	504	2	0.003968
14	45553317	45585485	PRPF39	504	2	0.003968
14	45584800	45603684	FKBP3	504	2	0.003968
14	45605131	45670093	FANCM	504	10	0.019841
14	45672391	45722405	MIS18BP1	504	10	0.019841
14	50110268	50155098	POLE2	504	23	0.045635
14	50159836	50219868	KLHDC1	504	16	0.031746
14	50248799	50319921	NEMF	504	15	0.029762
14	50474029	50571761	LINC01599	504	7	0.013889
14	50575353	50583290	VCPKMT	504	10	0.019841
14	50792981	50864016	CDKL1	504	1	0.001984
14	51441977	51562422	TRIM9	504	28	0.055556
14	51955844	52197445	FRMD6	504	14	0.027778
14	52897306	53019301	TXNDC16	504	12	0.023810
14	53173916	53195308	PSMC6	504	49	0.097222
14	53196882	53241707	STYX	504	47	0.093254
14	53323987	53417815	FERMT2	504	53	0.105159
14	55595968	55612148	LGALS3	504	6	0.011905
14	55614851	55658303	DLGAP5	504	6	0.011905
14	55738137	55820329	FBXO34	504	6	0.011905
14	55880926	55907263	TBPL2	504	3	0.005952
14	56046923	56151302	KTN1	504	12	0.023810
14	57046514	57116233	TMEM260	504	98	0.194444
14	58894101	59018015	KIAA0586	504	15	0.029762
14	59655383	59838123	DAAM1	504	11	0.021825
14	59951159	59972128	JKAMP	504	7	0.013889
14	60062692	60337494	RTN1	504	5	0.009921
14	60558627	60614939	PCNX4	504	51	0.101190
14	60610835	60636582	DHRS7	504	51	0.101190
14	61447830	61550451	SLC38A6	504	32	0.063492
14	62162229	62214977	HIF1A	504	6	0.011905
14	62182274	62217815	HIF1A-AS3	504	6	0.011905
14	64319681	64693167	SYNE2	504	15	0.029762
14	64855069	64926743	MTHFD1	504	13	0.025794
14	64915822	64971931	ZBTB25	504	12	0.023810
14	64932215	64941221	AKAP5	504	12	0.023810
14	68213237	68283307	ZFYVE26	504	95	0.188492
14	70242131	70263958	SLC10A1	504	7	0.013889
14	70510930	70655787	SLC8A3	504	6	0.011905
14	71374174	71582099	PCNX1	504	7	0.013889
14	73086002	73360824	DPF3	504	1	0.001984
14	73393170	73428775	DCAF4	504	9	0.017857
14	73704212	73741331	PAPLN	504	11	0.021825
14	74318532	74352429	PTGR2	504	71	0.140873
14	74353560	74399224	ZNF410	504	71	0.140873
14	74486050	74532795	BBOF1	504	83	0.164683
14	74523548	74551156	ALDH6A1	504	83	0.164683
14	77490884	77495051	IRF2BPL	504	1	0.001984
14	77564599	77583630	CIPC	504	31	0.061508
14	77787377	77797940	GSTZ1	504	14	0.027778
14	77893016	77923983	VIPAS39	504	12	0.023810
14	78636714	80334634	NRXN3	504	70	0.138889
14	80962819	81408082	CEP128	504	1	0.001984
14	81421963	81612650	TSHR	504	3	0.005952
14	81937889	82000205	SEL1L	504	4	0.007937
14	88851986	88904804	SPATA7	504	18	0.035714
14	89029379	89093940	ZC3H14	504	10	0.019841
14	89078773	89259297	EML5	504	10	0.019841
14	89290495	89347423	TTC8	504	11	0.021825
14	91737665	91884164	CCDC88C	504	27	0.053571
14	92432333	92506403	TRIP11	504	82	0.162698
14	92588311	92638489	CPSF2	504	119	0.236111
14	92788923	92967825	SLC24A4	504	44	0.087302
14	93260648	93306292	GOLGA5	504	25	0.049603
14	93703894	93799382	BTBD7	504	0	0.000000
14	93799526	94174222	UNC79	504	1	0.001984
14	94640647	94746072	PPP4R4	504	19	0.037698
14	94770583	94789673	SERPINA6	504	0	0.000000
14	95552563	95624347	DICER1	504	1	0.001984
14	100150633	100193638	CYP46A1	504	2	0.003968
14	100437757	100610573	EVL	504	12	0.023810
14	100610292	100625982	DEGS2	504	11	0.021825
14	100800125	100842664	WARS1	504	9	0.017857
14	102829276	102968814	TECPR2	504	17	0.033730
14	103398715	103523886	CDC42BPB	504	16	0.031746
14	103851699	103970168	MARK3	504	24	0.047619
14	104394791	104519004	TDRD9	504	55	0.109127
14	105675621	105781914	BRF1	504	10	0.019841
chr	posStart	posEnd	geneName	totSamples	NeanSamples	PropNean
15	33603166	34158322	RYR3	504	1	0.001984
15	35663079	35838366	DPH6	504	38	0.075397
15	40091207	40212467	GPR176	504	4	0.007937
15	40226314	40327792	EIF2AK4	504	21	0.041667
15	40674920	40686489	KNSTRN	504	18	0.035714
15	41099285	41107282	ZFYVE19	504	22	0.043651
15	41221536	41231271	DLL4	504	1	0.001984
15	41245667	41248710	CHAC1	504	1	0.001984
15	41271076	41408478	INO80	504	1	0.001984
15	41809372	41836455	RPAP1	504	7	0.013889
15	42140342	42186251	SPTBN5	504	15	0.029762
15	42188129	42264755	EHD4	504	13	0.025794
15	51739917	51914968	DMXL2	504	47	0.093254
15	51973548	52013223	SCG3	504	47	0.093254
15	52121848	52207922	TMOD3	504	4	0.007937
15	52407295	52483589	GNB5	504	26	0.051587
15	52472221	52498076	CERNA1	504	25	0.049603
15	52484517	52588001	MYO5C	504	28	0.055556
15	52599478	52821247	MYO5A	504	17	0.033730
15	53805936	54055075	WDR72	504	50	0.099206
15	54270636	54925638	UNC13C	504	122	0.242063
15	55647419	55700708	CCPG1	504	8	0.015873
15	55647419	55790782	DNAAF4-CCPG1	504	8	0.015873
15	55903740	56035350	PRTG	504	10	0.019841
15	56119113	56285810	NEDD4	504	4	0.007937
15	56657620	56738195	TEX9	504	6	0.011905
15	56720920	56757335	MNS1	504	6	0.011905
15	56922372	57026284	ZNF280D	504	5	0.009921
15	57884100	58009755	GCOM1	504	1	0.001984
15	57998717	58009755	POLR2M	504	1	0.001984
15	62939508	63136830	TLN2	504	3	0.005952
15	63613575	63674309	CA12	504	10	0.019841
15	63900815	64126147	HERC1	504	23	0.045635
15	64457722	64648372	CSNK1G1	504	1	0.001984
15	65204099	65251033	ANKDD1A	504	7	0.013889
15	65440555	65477680	CLPX	504	7	0.013889
15	65673820	65715285	IGDCC4	504	1	0.001984
15	65734803	65810027	DPP8	504	1	0.001984
15	65822799	65870687	HACD3	504	1	0.001984
15	66187632	66546075	MEGF11	504	1	0.001984
15	68588868	68724502	ITGA11	504	0	0.000000
15	70340127	70390256	TLE3	504	180	0.357143
15	75074419	75095539	CSK	504	1	0.001984
15	78832745	78844759	PSMA4	504	233	0.462302
15	78857860	78887611	CHRNA5	504	236	0.468254
15	78885392	78913338	CHRNA3	504	236	0.468254
15	80135887	80189627	MTHFS	504	192	0.380952
15	80135887	80215448	ST20-MTHFS	504	194	0.384921
15	80191182	80216094	ST20	504	182	0.361111
15	80696722	80890274	ARNT2	504	28	0.055556
15	84322873	84708594	ADAMTSL3	504	88	0.174603
15	85359909	85416713	ALPK3	504	134	0.265873
15	85523696	85682373	PDE8A	504	46	0.091270
15	85923832	86292589	AKAP13	504	22	0.043651
15	89859534	89878055	POLG	504	9	0.017857
15	90014636	90039814	RHCG	504	32	0.063492
15	90544554	90625423	ZNF710	504	14	0.027778
15	90931472	91045471	IQGAP1	504	124	0.246032
15	91498104	91506355	RCCD1	504	2	0.003968
15	91509268	91537765	PRC1	504	2	0.003968
15	91509597	91531854	PRC1-AS1	504	2	0.003968
15	91541644	91565851	VPS33B	504	2	0.003968
15	93443552	93571226	CHD2	504	4	0.007937
15	101459560	101618462	LRRK1	504	7	0.013889
15	101715930	101792253	CHSY1	504	46	0.091270
chr	posStart	posEnd	geneName	totSamples	NeanSamples	PropNean
16	3551002	3589048	CLUAP1	504	51	0.101190
16	3589031	3627404	NLRC3	504	51	0.101190
16	3631180	3661607	SLX4	504	45	0.089286
16	3702938	3708096	DNASE1	504	37	0.073413
16	3775053	3930714	CREBBP	504	14	0.027778
16	4746509	4784378	ANKS3	504	4	0.007937
16	4784536	4799397	C16orf71	504	4	0.007937
16	4798238	4817163	ZNF500	504	4	0.007937
16	20944431	21170762	DNAH3	504	11	0.021825
16	21208771	21225831	ZP2	504	0	0.000000
16	22217597	22300059	EEF2K	504	8	0.015873
16	22308694	22346424	POLR3E	504	3	0.005952
16	28109295	28223286	XPO6	504	13	0.025794
16	53737873	54155853	FTO	504	2	0.003968
16	55542982	55620578	LPCAT2	504	29	0.057540
16	56395362	56459457	AMFR	504	23	0.045635
16	57496589	57505921	POLR2C	504	97	0.192460
16	58191809	58232010	CSNK2A2	504	0	0.000000
16	58283838	58317740	CCDC113	504	55	0.109127
16	74481336	74641012	GLG1	504	2	0.003968
16	74705751	74734760	MLKL	504	2	0.003968
16	75505938	75529339	CHST6	504	3	0.005952
16	76311297	76594654	CNTNAP4	504	144	0.285714
16	77316023	77468931	ADAMTS18	504	178	0.353175
16	86612153	86617084	FOXL1	504	0	0.000000
16	88922626	88929094	TRAPPC2L	504	0	0.000000
chr	posStart	posEnd	geneName	totSamples	NeanSamples	PropNean
17	900367	906911	TIMM22	504	16	0.031746
17	3343303	3417146	SPATA22	504	1	0.001984
17	3377402	3406699	ASPA	504	1	0.001984
17	3617920	3704482	ITGAE	504	8	0.015873
17	3907737	4046324	ZZEF1	504	3	0.005952
17	4573067	4607432	PELP1	504	3	0.005952
17	4613925	4624792	ARRB2	504	3	0.005952
17	6701310	6735048	TEKT1	504	50	0.099206
17	10286447	10528857	MYHAS	504	16	0.031746
17	10293637	10325267	MYH8	504	11	0.021825
17	10346605	10372876	MYH4	504	11	0.021825
17	10395622	10421859	MYH1	504	12	0.023810
17	10424463	10452975	MYH2	504	16	0.031746
17	10614451	10633646	TMEM220	504	18	0.035714
17	12569205	12672266	MYOCD	504	95	0.188492
17	12575177	12609452	MYOCD-AS1	504	92	0.182540
17	13972819	14111994	COX10	504	99	0.196429
17	19807613	19881169	AKAP10	504	76	0.150794
17	25621138	25642952	WSB1	504	1	0.001984
17	33474834	33516364	UNC45B	504	40	0.079365
17	33901812	33905590	PEX12	504	154	0.305556
17	36956685	36981603	CWC25	504	8	0.015873
17	37092683	37123656	FBXO47	504	88	0.174603
17	37213270	37237704	RDM1P5	504	87	0.172619
17	37219564	37307890	PLXDC1	504	122	0.242063
17	71228570	71245098	C17orf80	504	22	0.043651
17	72209708	72258159	TTYH2	504	19	0.037698
17	72667268	72743474	RAB37	504	10	0.019841
17	72690454	72709062	CD300LF	504	10	0.019841
17	75084765	75213183	SEC14L1	504	21	0.041667
17	76000316	76104916	TNRC6C	504	7	0.013889
17	76670127	76778424	CYTH1	504	111	0.220238
17	76791732	76836609	USP36	504	128	0.253968
chr	posStart	posEnd	geneName	totSamples	NeanSamples	PropNean
18	5289016	5297052	ZBTB14	504	0	0.000000
18	29200997	29264708	B4GALT6	504	10	0.019841
18	43660212	43684199	ATP5F1A	504	15	0.029762
18	44056922	44236996	LOXHD1	504	84	0.166667
18	44383179	44500108	PIAS2	504	4	0.007937
18	44497555	44628614	KATNAL2	504	5	0.009921
18	48556581	48611412	SMAD4	504	41	0.081349
18	49866565	51062269	DCC	504	12	0.023810
18	51795847	51847636	POLI	504	2	0.003968
18	52495706	52562747	RAB27B	504	6	0.011905
18	54318614	54697036	WDR7	504	41	0.081349
18	55313656	55470547	ATP8B1	504	49	0.097222
18	59708395	59854289	PIGN	504	7	0.013889
18	59854486	59977482	RELCH	504	2	0.003968
18	59992518	60058521	TNFRSF11A	504	1	0.001984
18	60190256	60253962	ZCCHC2	504	1	0.001984
18	66340923	66382410	TMX3	504	21	0.041667
18	66382451	66722426	CCDC102B	504	62	0.123016
18	67520508	67624035	CD226	504	95	0.188492
18	67670265	67872923	RTTN	504	5	0.009921
18	71740601	71815069	FBXO15	504	122	0.242063
18	72163596	72190689	CNDP2	504	2	0.003968
18	74534561	74682683	ZNF236	504	23	0.045635
18	76740273	76758969	SALL3	504	4	0.007937
chr	posStart	posEnd	geneName	totSamples	NeanSamples	PropNean
19	5978412	6020374	LOC100128568	504	70	0.138889
19	5993173	6110511	RFX2	504	70	0.138889
19	7694677	7696842	PET100	504	19	0.037698
19	7696499	7698605	PCP2	504	19	0.037698
19	7701994	7712759	STXBP2	504	19	0.037698
19	8023455	8070525	ELAVL1	504	2	0.003968
19	8807748	8809145	ACTL9	504	15	0.029762
19	10216897	10222688	PPAN	504	22	0.043651
19	10217036	10226048	PPAN-P2RY11	504	22	0.043651
19	10244020	10305629	DNMT1	504	27	0.053571
19	10420719	10426691	FDX2	504	39	0.077381
19	10426886	10444205	RAVER1	504	39	0.077381
19	10444450	10450300	ICAM3	504	38	0.075397
19	16296219	16302857	FAM32A	504	2	0.003968
19	16308720	16356717	AP1M1	504	2	0.003968
19	30302896	30315219	CCNE1	504	140	0.277778
19	33087910	33166086	ANKRD27	504	107	0.212302
19	33321415	33360673	SLC7A9	504	96	0.190476
19	33366829	33462864	CEP89	504	93	0.184524
19	34663407	34720420	LSM14A	504	2	0.003968
19	35447256	35455133	ZNF792	504	9	0.017857
19	38039849	38078249	ZNF571-AS1	504	42	0.083333
19	38042274	38105080	ZNF540	504	43	0.085317
19	38055153	38085693	ZNF571	504	42	0.083333
19	38121905	38147162	ZFP30	504	47	0.093254
19	38794196	38806587	YIF1B	504	47	0.093254
19	38899696	38916945	RASGRP4	504	33	0.065476
19	39138287	39222229	ACTN4	504	11	0.021825
19	39220830	39235114	CAPN12	504	11	0.021825
19	39358468	39368915	RINL	504	8	0.015873
19	45578883	45594776	GEMIN7	504	1	0.001984
19	45588585	45593649	GEMIN7-AS1	504	1	0.001984
19	53665675	53696611	ZNF665	504	5	0.009921
19	56347904	56393221	NLRP4	504	29	0.057540
19	56879466	56891197	ZNF542P	504	33	0.065476
chr	posStart	posEnd	geneName	totSamples	NeanSamples	PropNean
1	2985765	3355185	PRDM16	504	12	0.023810
1	3371227	3397677	ARHGEF16	504	194	0.384921
1	3404513	3528072	MEGF6	504	133	0.263889
1	3541577	3546691	TPRG1L	504	175	0.347222
1	3547332	3566667	WRAP73	504	175	0.347222
1	9711787	9789172	PIK3CD	504	31	0.061508
1	9788982	9884584	CLSTN1	504	32	0.063492
1	11866151	11903201	CLCN6	504	1	0.001984
1	11900374	11907673	NPPA-AS1	504	1	0.001984
1	11905764	11907840	NPPA	504	1	0.001984
1	11994772	12035594	PLOD1	504	31	0.061508
1	12290085	12572099	VPS13D	504	24	0.047619
1	14026681	14151574	PRDM2	504	20	0.039683
1	15479026	15546974	TMEM51	504	49	0.097222
1	15490690	15498120	C1orf195	504	49	0.097222
1	16010813	16061264	PLEKHM2	504	28	0.055556
1	16066544	16076385	SLC25A34-AS1	504	9	0.017857
1	16068992	16074477	TMEM82	504	9	0.017857
1	19401002	19536760	UBR4	504	40	0.079365
1	19665267	19812033	CAPZB	504	121	0.240079
1	20008704	20126409	TMCO4	504	60	0.119048
1	22778342	22857650	ZBTB40	504	25	0.049603
1	31732413	31769635	SNRNP40	504	151	0.299603
1	32117862	32169618	COL16A1	504	46	0.091270
1	33207429	33240571	KIAA1522	504	205	0.406746
1	35734308	35887659	ZMYM4	504	1	0.001984
1	35899091	36023004	KIAA0319L	504	1	0.001984
1	36023391	36032380	NCDN	504	1	0.001984
1	36602168	36621654	TRAPPC3	504	7	0.013889
1	37940179	37949978	ZC3H12A	504	10	0.019841
1	38032411	38061586	GNL2	504	9	0.017857
1	38478404	38490492	UTP11	504	3	0.005952
1	39328160	39339050	MYCBP	504	127	0.251984
1	39328160	39347298	GJA9-MYCBP	504	128	0.253968
1	39339071	39341898	LOC105378663	504	126	0.250000
1	39339739	39347259	GJA9	504	126	0.250000
1	39351477	39407502	RHBDL2	504	122	0.242063
1	40303780	40349183	TRIT1	504	100	0.198413
1	40627057	40706593	RLF	504	26	0.051587
1	40766159	40782958	COL9A2	504	18	0.035714
1	40915734	40929387	ZFP69B	504	159	0.315476
1	40942960	40962015	ZFP69	504	77	0.152778
1	40997307	41013839	ZNF684	504	63	0.125000
1	41157374	41237275	NFYC	504	0	0.000000
1	41492869	41707978	SCMH1	504	111	0.220238
1	43766651	43788779	TIE1	504	20	0.039683
1	43803487	43820137	MPL	504	21	0.041667
1	44870830	45117396	RNF220	504	5	0.009921
1	45316192	45452394	EIF2B3	504	8	0.015873
1	45468218	45476996	HECTD3	504	8	0.015873
1	45794912	45806142	MUTYH	504	31	0.061508
1	45805840	45809645	TOE1	504	31	0.061508
1	46016453	46035723	AKR1A1	504	26	0.051587
1	46049658	46084578	NASP	504	25	0.049603
1	46092974	46152205	GPBP1L1	504	25	0.049603
1	46159994	46216485	IPP	504	25	0.049603
1	47137524	47139266	TEX38	504	40	0.079365
1	47139706	47157770	EFCAB14-AS1	504	40	0.079365
1	47140829	47184786	EFCAB14	504	40	0.079365
1	48761042	48937880	SPATA6	504	22	0.043651
1	48998524	50489626	AGBL4	504	2	0.003968
1	52485801	52521843	TXNDC12	504	38	0.075397
1	52607759	52812358	ZFYVE9	504	31	0.061508
1	52888945	53018764	TUT4	504	28	0.055556
1	53308430	53360670	ZYG11A	504	161	0.319444
1	53361580	53387446	ECHDC2	504	176	0.349206
1	53679769	53686311	CZIB	504	0	0.000000
1	54317404	54355470	YIPF1	504	101	0.200397
1	54665838	54691162	MRPL37	504	2	0.003968
1	55505219	55530526	PCSK9	504	34	0.067460
1	55532030	55681037	USP24	504	29	0.057540
1	57110985	57181008	PRKAA2	504	104	0.206349
1	58946389	59012398	OMA1	504	129	0.255952
1	60280619	60341994	HOOK1	504	39	0.077381
1	84864213	84880691	DNASE2B	504	9	0.017857
1	84944947	84964035	RPF1	504	9	0.017857
1	85093911	85100703	LINC01555	504	17	0.033730
1	85109387	85156151	SSX2IP	504	16	0.031746
1	85483763	85514223	MCOLN3	504	7	0.013889
1	85527979	85598821	WDR63	504	137	0.271825
1	85622570	85666699	SYDE2	504	159	0.315476
1	85715634	85725345	C1orf52	504	106	0.210317
1	85784166	86043883	DDAH1	504	112	0.222222
1	86115098	86174116	ZNHIT6	504	14	0.027778
1	86194914	86622667	COL24A1	504	81	0.160714
1	86812505	86862025	ODF2L	504	116	0.230159
1	86889852	86922236	CLCA2	504	111	0.220238
1	119425668	119532133	TBX15	504	8	0.015873
1	150937647	150947479	CERS2	504	1	0.001984
1	152078791	152087930	TCHH	504	3	0.005952
1	152483277	152484653	LCE5A	504	2	0.003968
1	153028594	153029988	SPRR2A	504	36	0.071429
1	153232161	153234600	LOR	504	26	0.051587
1	159253676	159278014	FCER1A	504	80	0.158730
1	159770300	159786047	FCRL6	504	15	0.029762
1	159921280	159924027	SLAMF9	504	10	0.019841
1	160175172	160185162	PEA15	504	24	0.047619
1	160246597	160254941	PEX19	504	24	0.047619
1	160258382	160313040	COPA	504	25	0.049603
1	160577888	160617101	SLAMF1	504	22	0.043651
1	160708845	160724611	SLAMF7	504	41	0.081349
1	160765962	160798045	LY9	504	4	0.007937
1	161677017	161684142	FCRLA	504	63	0.125000
1	162600651	162757195	DDR2	504	37	0.073413
1	163291742	163325549	NUF2	504	0	0.000000
1	166025153	166136238	FAM78B	504	109	0.216270
1	169101766	169337201	NME7	504	23	0.045635
1	169558085	169599362	SELP	504	11	0.021825
1	169763869	169823221	C1orf112	504	11	0.021825
1	169890468	170043879	KIFAP3	504	10	0.019841
1	175284328	175712731	TNR	504	89	0.176587
1	178994937	179045709	FAM20B	504	1	0.001984
1	179068463	179198819	ABL2	504	1	0.001984
1	179923943	180084010	CEP350	504	14	0.027778
1	183155397	183214262	LAMC2	504	68	0.134921
1	183441632	183523326	SMG7	504	0	0.000000
1	183524695	183560049	NCF2	504	25	0.049603
1	184659369	184723992	EDEM3	504	42	0.083333
1	185265518	185286375	IVNS1ABP	504	94	0.186508
1	186265403	186283699	PRG4	504	4	0.007937
1	186280782	186344385	TPR	504	4	0.007937
1	186344888	186390507	ODR4	504	4	0.007937
1	186640921	186649555	PTGS2	504	4	0.007937
1	186798030	186958113	PLA2G4A	504	3	0.005952
1	192778167	192781405	RGS2	504	55	0.109127
1	196194907	196577570	KCNT2	504	22	0.043651
1	197008319	197036397	F13B	504	17	0.033730
1	197053255	197115824	ASPM	504	17	0.033730
1	197170632	197447585	CRB1	504	10	0.019841
1	197473876	197744610	DENND1B	504	10	0.019841
1	198608096	198726605	PTPRC	504	1	0.001984
1	202163116	202288889	LGR6	504	4	0.007937
1	203096852	203136533	ADORA1	504	31	0.061508
1	203309754	203320250	FMOD	504	3	0.005952
1	203444932	203460480	PRELP	504	20	0.039683
1	203463279	203478077	OPTC	504	19	0.037698
1	203595913	203713209	ATP2B4	504	25	0.049603
1	204797778	204991950	NFASC	504	5	0.009921
1	205271189	205290873	NUAK2	504	0	0.000000
1	205342378	205356568	LEMD1-AS1	504	112	0.222222
1	205350504	205391184	LEMD1	504	112	0.222222
1	205473795	205501918	CDK18	504	27	0.053571
1	205538140	205572046	MFSD4A	504	0	0.000000
1	205882174	205912588	SLC26A9	504	1	0.001984
1	207070786	207077484	IL24	504	30	0.059524
1	207131310	207143970	FCAMR	504	61	0.121032
1	207191865	207206101	C1orf116	504	2	0.003968
1	207226618	207254372	PFKFB2	504	2	0.003968
1	207262203	207273338	C4BPB	504	3	0.005952
1	208054315	208084470	CD34	504	28	0.055556
1	208195585	208417729	PLXNA2	504	133	0.263889
1	209958960	209979520	IRF6	504	337	0.668651
1	210851654	211307490	KCNH1	504	106	0.210317
1	211499955	211548288	TRAF5	504	0	0.000000
1	213031615	213072705	FLVCR1	504	13	0.025794
1	214454500	214510474	SMYD2	504	0	0.000000
1	214522041	214724945	PTPN14	504	287	0.569444
1	214776536	214837914	CENPF	504	33	0.065476
1	215178883	215410433	KCNK2	504	26	0.051587
1	215740645	215795149	KCTD3	504	39	0.077381
1	215796231	216596790	USH2A	504	325	0.644841
1	216676586	217311044	ESRRG	504	152	0.301587
1	217804684	218045038	SPATA17	504	1	0.001984
1	220141940	220219847	EPRS1	504	85	0.168651
1	220701476	220837803	MARK1	504	8	0.015873
1	220960253	220993001	MTARC1	504	44	0.087302
1	222731242	222763275	TAF1A	504	73	0.144841
1	222841353	222885833	AIDA	504	23	0.045635
1	223282744	223316590	TLR5	504	56	0.111111
1	223889293	223963720	CAPN2	504	90	0.178571
1	223967593	224033674	TP53BP2	504	87	0.172619
1	224301811	224349749	FBXO28	504	3	0.005952
1	225117354	225586988	DNAH14	504	16	0.031746
1	225589202	225616557	LBR	504	21	0.041667
1	225674529	225840825	ENAH	504	21	0.041667
1	227058271	227083804	PSEN2	504	61	0.121032
1	227127993	227175245	COQ8A	504	54	0.107143
1	227177557	227506193	CDC42BPA	504	57	0.113095
1	227915867	227968932	SNAP47	504	29	0.057540
1	228395743	228566575	OBSCN	504	16	0.031746
1	228698058	228699989	BTNL10	504	4	0.007937
1	231474037	231490769	SPRTN	504	5	0.009921
1	232533709	232651354	SIPA1L2	504	343	0.680556
1	233119179	233431471	PCNX2	504	56	0.111111
1	234527057	234614925	TARBP1	504	0	0.000000
1	242011491	242053241	EXO1	504	82	0.162698
chr	posStart	posEnd	geneName	totSamples	NeanSamples	PropNean
20	1184096	1188923	C20orf202	504	3	0.005952
20	2821341	2847378	VPS16	504	65	0.128968
20	2844839	3019315	PTPRA	504	68	0.134921
20	3189320	3208095	ITPA	504	4	0.007937
20	3667615	3693247	SIGLEC1	504	103	0.204365
20	9518030	9819724	PAK5	504	31	0.061508
20	10415951	10608678	SLX4IP	504	1	0.001984
20	13201919	13281298	ISM1	504	1	0.001984
20	13370034	13619583	TASP1	504	7	0.013889
20	13694967	13765579	ESF1	504	8	0.015873
20	13765670	13802226	NDUFAF5	504	8	0.015873
20	13829891	13975979	SEL1L2	504	5	0.009921
20	17474548	17549865	BFSP1	504	99	0.196429
20	31571579	31592239	SUN5	504	1	0.001984
20	36145817	36156333	BLCAP	504	28	0.055556
20	36149650	36152092	NNAT	504	28	0.055556
20	36322355	36500531	CTNNBL1	504	15	0.029762
20	39657460	39753127	TOP1	504	8	0.015873
20	39766181	39806266	PLCG1	504	8	0.015873
20	39807093	39928760	ZHX3	504	8	0.015873
20	39969459	39989222	LPIN3	504	8	0.015873
20	40030721	40247016	CHD6	504	31	0.061508
20	42824577	42839411	OSER1	504	56	0.111111
20	42984337	43063236	HNF4A	504	6	0.011905
20	44179789	44207923	WFDC8	504	1	0.001984
20	44402850	44420522	WFDC3	504	11	0.021825
20	44420591	44440057	DNTTIP1	504	11	0.021825
20	44441213	44445596	UBE2C	504	11	0.021825
20	44470358	44486031	ACOT8	504	0	0.000000
20	44486218	44507770	ZSWIM3	504	16	0.031746
20	44509864	44513905	ZSWIM1	504	16	0.031746
20	44637545	44645200	MMP9	504	31	0.061508
20	44650323	44688789	SLC12A5	504	32	0.063492
20	46130629	46285616	NCOA3	504	21	0.041667
20	47240788	47444536	PREX1	504	58	0.115079
20	48429248	48508779	SLC9A8	504	293	0.581349
20	48697659	48770335	TMEM189-UBE2V1	504	8	0.015873
20	48734789	48770335	TMEM189	504	8	0.015873
20	49202643	49308079	RIPOR3	504	1	0.001984
20	61436185	61445352	OGFR	504	10	0.019841
20	61509088	61569304	DIDO1	504	0	0.000000
20	61904135	61921142	ARFGAP1	504	11	0.021825
chr	posStart	posEnd	geneName	totSamples	NeanSamples	PropNean
21	31691440	31692633	KRTAP26-1	504	17	0.033730
21	31709329	31710012	KRTAP27-1	504	17	0.033730
21	33683327	33765321	URB1	504	22	0.043651
21	34876236	34915198	GART	504	1	0.001984
21	34915342	34949820	SON	504	1	0.001984
21	34961645	35014047	CRYZL1	504	2	0.003968
21	43218383	43299591	PRDM15	504	1	0.001984
21	43824009	43867794	UBASH3A	504	3	0.005952
21	46188493	46221735	UBE2G2	504	0	0.000000
21	47608358	47648738	LSS	504	1	0.001984
21	47649143	47671615	MCM3AP-AS1	504	1	0.001984
21	47655045	47705525	MCM3AP	504	1	0.001984
chr	posStart	posEnd	geneName	totSamples	NeanSamples	PropNean
22	17618408	17646177	HDHD5	504	139	0.275794
22	17840837	18037856	CECR2	504	39	0.077381
22	19023793	19109967	DGCR2	504	66	0.130952
22	19117790	19132164	ESS2	504	65	0.128968
22	19166984	19279242	CLTCL1	504	72	0.142857
22	19419423	19423601	MRPL40	504	69	0.136905
22	19437432	19466716	UFD1	504	71	0.140873
22	19466987	19508135	CDC45	504	71	0.140873
22	20067753	20099400	DGCR8	504	80	0.158730
22	20103625	20114878	RANBP1	504	80	0.158730
22	20119325	20135530	ZDHHC8	504	80	0.158730
22	21061977	21213100	PI4KA	504	62	0.123016
22	22311395	22337184	TOP3B	504	202	0.400794
22	24198888	24228499	SLC2A11	504	2	0.003968
22	24407752	24574596	CABIN1	504	7	0.013889
22	24666783	24813708	SPECC1L	504	2	0.003968
22	24666783	24838328	SPECC1L-ADORA2A	504	2	0.003968
22	25960640	26125261	GRK3	504	20	0.039683
22	26138153	26427011	MYO18B	504	42	0.083333
22	26565426	26779563	SEZ6L	504	69	0.136905
22	26825224	26840981	ASPHD2	504	0	0.000000
22	26839073	26879829	HPS4	504	56	0.111111
22	26879841	26890624	SRRD	504	70	0.138889
22	26917960	26986096	TPST2	504	59	0.117063
22	31003068	31023258	TCN2	504	1	0.001984
22	31031766	31065006	SLC35E4	504	1	0.001984
22	31500761	31503554	SELENOM	504	3	0.005952
22	31892123	32014574	SFI1	504	1	0.001984
22	32077331	32146118	PRR14L	504	1	0.001984
22	50247490	50283728	ZBED4	504	53	0.105159
22	50528433	50600116	MOV10L1	504	42	0.083333
22	50883427	50913464	SBF1	504	0	0.000000
22	51007288	51017041	CPT1B	504	7	0.013889
22	51007288	51021428	CHKB-CPT1B	504	7	0.013889
22	51061180	51066580	ARSA	504	1	0.001984
chr	posStart	posEnd	geneName	totSamples	NeanSamples	PropNean
2	3383444	3483342	TRAPPC12	504	176	0.349206
2	15307038	15701458	NBAS	504	2	0.003968
2	28111574	28561768	BABAM2	504	1	0.001984
2	29415638	30144452	ALK	504	1	0.001984
2	31395920	31456823	CAPN14	504	24	0.047619
2	31557185	31637608	XDH	504	0	0.000000
2	31747548	31806007	SRD5A2	504	2	0.003968
2	32390908	32449448	SLC30A6	504	3	0.005952
2	33808725	33824429	FAM98A	504	60	0.119048
2	37311592	37326387	GPATCH11	504	1	0.001984
2	37326351	37384190	EIF2AK2	504	1	0.001984
2	38152428	38294281	RMDN2	504	21	0.041667
2	38177475	38263484	RMDN2-AS1	504	21	0.041667
2	38789109	38830178	HNRNPLL	504	10	0.019841
2	56093100	56150917	EFEMP1	504	1	0.001984
2	65313986	65357435	RAB1A	504	0	0.000000
2	69201703	69208112	GKN1	504	84	0.166667
2	69546899	69614386	GFPT1	504	4	0.007937
2	69685127	69870871	AAK1	504	8	0.015873
2	70436574	70475925	TIA1	504	3	0.005952
2	70883914	70995332	ADD2	504	1	0.001984
2	71035773	71047731	CLEC4F	504	1	0.001984
2	76974847	77749559	LRRTM4	504	1	0.001984
2	84743620	85046713	DNAH6	504	3	0.005952
2	85621869	85641197	CAPG	504	61	0.121032
2	85921479	85925975	GNLY	504	13	0.025794
2	86064241	86116157	ST3GAL5	504	104	0.206349
2	86247337	86333009	POLR1A	504	93	0.184524
2	86333356	86369280	PTCD3	504	0	0.000000
2	97541617	97652317	FAM178B	504	5	0.009921
2	97584841	97591574	LOC101927053	504	5	0.009921
2	99061048	99210855	INPP4A	504	20	0.039683
2	99225009	99234978	UNC50	504	20	0.039683
2	99410307	99552688	KIAA1211L	504	14	0.027778
2	101623688	101767909	TBC1D8	504	1	0.001984
2	105865863	105946192	TGFBRAP1	504	147	0.291667
2	107418054	107503565	ST6GAL2	504	2	0.003968
2	109065660	109125871	GCC2	504	9	0.017857
2	110879886	110962590	NPHP1	504	0	0.000000
2	120197417	120282028	SCTR	504	1	0.001984
2	120234028	120244922	LOC107105282	504	1	0.001984
2	134877504	135212192	MGAT5	504	24	0.047619
2	136597194	136634013	MCM6	504	149	0.295635
2	136663449	136743254	DARS1	504	156	0.309524
2	139426725	139537960	NXPH2	504	13	0.025794
2	143886986	144525921	ARHGAP15	504	2	0.003968
2	152266414	152338686	RIF1	504	40	0.079365
2	152341851	152591001	NEB	504	84	0.166667
2	154728433	155310491	GALNT13	504	104	0.206349
2	158851689	158992666	UPP2	504	3	0.005952
2	159023160	159092681	CCDC148-AS1	504	3	0.005952
2	159027583	159313265	CCDC148	504	3	0.005952
2	161128660	161350318	RBMS1	504	237	0.470238
2	161993464	162092741	TANK	504	174	0.345238
2	162164934	162268228	PSMD14	504	152	0.301587
2	162480843	162841786	SLC4A10	504	92	0.182540
2	162848753	162930725	DPP4	504	50	0.099206
2	163027192	163099955	FAP	504	122	0.242063
2	163123582	163175194	IFIH1	504	119	0.236111
2	163227915	163695277	KCNH7	504	103	0.204365
2	165348925	165477992	GRB14	504	26	0.051587
2	165514439	165698586	COBLL1	504	31	0.061508
2	165944034	166060560	SCN3A	504	8	0.015873
2	166095922	166248814	SCN2A	504	87	0.172619
2	166729870	166810286	TTC21B	504	69	0.136905
2	166813926	166892910	LOC102724058	504	91	0.180556
2	166841149	167005671	SCN1A	504	91	0.180556
2	167260081	167343481	SCN7A	504	96	0.190476
2	167744995	168116263	XIRP2	504	74	0.146825
2	169312780	169631644	CERS6	504	126	0.250000
2	169777289	169887834	ABCB11	504	236	0.468254
2	169983617	170219044	LRP2	504	16	0.031746
2	170336002	170363165	BBS5	504	104	0.206349
2	170385016	170430431	FASTKD1	504	0	0.000000
2	170501933	170550915	CCDC173	504	0	0.000000
2	172172254	172291313	METTL8	504	17	0.033730
2	172290734	172341562	DCAF17	504	21	0.041667
2	173292062	173371187	ITGA6	504	231	0.458333
2	173600571	173917621	RAPGEF4	504	31	0.061508
2	177134168	177202753	MTX2	504	30	0.059524
2	178487970	178973066	PDE11A	504	0	0.000000
2	178977162	178994383	RBM45	504	0	0.000000
2	179059206	179267620	OSBPL6	504	238	0.472222
2	179345182	179381190	PLEKHA3	504	40	0.079365
2	179387552	179484944	TTN-AS1	504	98	0.194444
2	179390714	179672150	TTN	504	196	0.388889
2	179641651	179644690	LOC101927055	504	178	0.353175
2	179694482	179914864	CCDC141	504	60	0.119048
2	179966403	180129559	SESTD1	504	59	0.117063
2	187454781	187545629	ITGAV	504	0	0.000000
2	187558785	187630686	FAM171B	504	1	0.001984
2	189156394	189460653	GULP1	504	27	0.053571
2	191513619	191557492	NAB1	504	29	0.057540
2	191745545	191830278	GLS	504	54	0.107143
2	191894300	192016322	STAT4	504	38	0.075397
2	196602425	196933561	DNAH7	504	251	0.498016
2	196998305	197036302	STK17B	504	246	0.488095
2	197058794	197458278	HECW2	504	16	0.031746
2	197504437	197597530	CCDC150	504	19	0.037698
2	197627757	197664407	GTF3C3	504	20	0.039683
2	197697726	197791431	PGAP1	504	20	0.039683
2	197851384	198175504	ANKRD44	504	13	0.025794
2	198432946	198540311	RFTN2	504	0	0.000000
2	198591601	198651036	BOLL	504	0	0.000000
2	212240440	213403526	ERBB4	504	0	0.000000
2	219687102	219696526	PRKAG3	504	5	0.009921
2	228736090	228789060	DAW1	504	13	0.025794
2	237232788	237416178	IQCA1	504	47	0.093254
2	238232653	238322850	COL6A3	504	45	0.089286
2	238536228	238690290	LRRFIP1	504	45	0.089286
2	238707386	238751451	RBM44	504	52	0.103175
2	239229157	239309541	TRAF3IP1	504	50	0.099206
2	240831857	240964819	NDUFA10	504	4	0.007937
2	241375078	241407493	GPC1	504	11	0.021825
2	242128090	242165391	ANO7	504	0	0.000000
2	242166677	242255257	HDLBP	504	133	0.263889
2	242295698	242434256	FARP2	504	129	0.255952
chr	posStart	posEnd	geneName	totSamples	NeanSamples	PropNean
3	2140485	3099645	CNTN4	504	2	0.003968
3	8775486	8788444	CAV3	504	5	0.009921
3	9404736	9428475	THUMPD3	504	16	0.031746
3	9439297	9519838	SETD5	504	14	0.027778
3	9834177	9849408	ARPC4	504	15	0.029762
3	9834230	9878040	ARPC4-TTLL3	504	17	0.033730
3	9851597	9878049	TTLL3	504	17	0.033730
3	9908392	9921938	CIDEC	504	2	0.003968
3	9958756	9975305	IL17RC	504	19	0.037698
3	9987224	9994099	PRRT3	504	19	0.037698
3	9989086	9996471	PRRT3-AS1	504	19	0.037698
3	10365705	10661646	ATP2B2	504	9	0.017857
3	15642857	15764023	BTD	504	31	0.061508
3	15708741	15901321	ANKRD28	504	31	0.061508
3	17198652	17784231	TBC1D5	504	16	0.031746
3	20202083	20227725	SGO1	504	9	0.017857
3	20215776	20227607	SGO1-AS1	504	9	0.017857
3	23847444	23933131	UBE2E1	504	42	0.083333
3	23986775	24022109	NR1D2	504	44	0.087302
3	29322560	30051886	RBMS3	504	141	0.279762
3	31702315	32023342	OSBPL10	504	250	0.496032
3	32148001	32210207	GPD1L	504	247	0.490079
3	32567461	32612416	DYNC1LI1	504	37	0.073413
3	32726678	32815367	CNOT10	504	59	0.117063
3	33038098	33138722	GLB1	504	337	0.668651
3	33131912	33138638	TMPPE	504	17	0.033730
3	33537735	33759746	CLASP2	504	2	0.003968
3	41288088	42003595	ULK4	504	15	0.029762
3	42128690	42267382	TRAK1	504	3	0.005952
3	42589459	42642570	SEC22C	504	11	0.021825
3	42642176	42690227	NKTR	504	8	0.015873
3	42653800	42695880	LOC101928323	504	8	0.015873
3	42695187	42709072	ZBTB47	504	8	0.015873
3	42850935	42908778	ACKR2	504	17	0.033730
3	42947632	42960826	ZNF662	504	38	0.075397
3	43020801	43099207	GASK1A	504	25	0.049603
3	45730886	45786901	SACM1L	504	51	0.101190
3	45959393	46037316	FYCO1	504	4	0.007937
3	46616023	46623947	TDGF1	504	154	0.305556
3	46710483	46735169	ALS2CL	504	14	0.027778
3	46735266	46752413	TMIE	504	14	0.027778
3	46753605	46759359	PRSS50	504	13	0.025794
3	50192489	50226508	SEMA3F	504	427	0.847222
3	50384759	50388206	NPRL2	504	426	0.845238
3	50388291	50405628	CYB561D2	504	426	0.845238
3	50400042	50541675	CACNA2D2	504	426	0.845238
3	52350333	52434508	DNAH1	504	8	0.015873
3	52435022	52444024	BAP1	504	0	0.000000
3	52444674	52457657	PHF7	504	8	0.015873
3	52529352	52558511	STAB1	504	2	0.003968
3	52558401	52569043	NT5DC2	504	2	0.003968
3	52579381	52719929	PBRM1	504	2	0.003968
3	52811613	52826084	ITIH1	504	15	0.029762
3	52828782	52843025	ITIH3	504	16	0.031746
3	52846976	52864717	ITIH4	504	16	0.031746
3	52937586	53080089	SFMBT1	504	13	0.025794
3	53258721	53290130	TKT	504	46	0.091270
3	53880593	53899821	IL17RB	504	127	0.251984
3	54156577	55108584	CACNA2D3	504	79	0.156746
3	56591182	56655865	CCDC66	504	2	0.003968
3	56654158	56717293	TASOR	504	2	0.003968
3	61547243	62283284	PTPRG	504	31	0.061508
3	64501328	64673676	ADAMTS9	504	62	0.123016
3	66429219	66550845	LRIG1	504	18	0.035714
3	67410882	67705038	SUCLG2	504	59	0.117063
3	74311717	74570291	CNTN3	504	1	0.001984
3	96533436	97480376	EPHA6	504	2	0.003968
3	100468177	100712334	ABI3BP	504	3	0.005952
3	111451341	111695364	PHLDB2	504	58	0.115079
3	111758463	111800116	TMPRSS7	504	27	0.053571
3	112534554	112564797	CD200R1L	504	0	0.000000
3	112709798	112720816	GTPBP8	504	0	0.000000
3	113005775	113160361	CFAP44	504	105	0.208333
3	113367230	113415489	USF3	504	18	0.035714
3	113435303	113465096	NAA50	504	7	0.013889
3	113465880	113530903	ATP6V1A	504	30	0.059524
3	113682982	113775460	CCDC191	504	17	0.033730
3	119243138	119278461	CD80	504	2	0.003968
3	119884326	119963142	GPR156	504	5	0.009921
3	120043354	120068201	LRRC58	504	4	0.007937
3	120111138	120169839	FSTL1	504	4	0.007937
3	120627050	121143608	STXBP5L	504	1	0.001984
3	121150276	121264835	POLQ	504	1	0.001984
3	123001141	123167392	ADCY5	504	13	0.025794
3	123328894	123603179	MYLK	504	8	0.015873
3	123813526	124445172	KALRN	504	85	0.168651
3	124480793	124620258	ITGB5	504	1	0.001984
3	130064357	130203690	COL6A5	504	23	0.045635
3	130279176	130396981	COL6A6	504	23	0.045635
3	130397776	130465673	PIK3R4	504	39	0.077381
3	130569437	130735556	ATP2C1	504	84	0.166667
3	130745719	131069309	NEK11	504	95	0.188492
3	131043934	131100319	LOC339874	504	95	0.188492
3	131181054	131221815	MRPL3	504	42	0.083333
3	131252402	131758450	CPNE4	504	0	0.000000
3	132136344	132257876	DNAJC13	504	149	0.295635
3	132276980	132378975	ACAD11	504	118	0.234127
3	132276980	132441303	NPHP3-ACAD11	504	118	0.234127
3	141205867	141334198	RASA2	504	34	0.067460
3	141497041	141535892	GRK7	504	81	0.160714
3	141595483	141645391	ATP1B3	504	132	0.261905
3	141663268	141868386	TFDP2	504	49	0.097222
3	148583081	148614990	CPA3	504	136	0.269841
3	148847423	148891519	HPS3	504	2	0.003968
3	148880199	148939616	CP	504	1	0.001984
3	149456255	149470286	COMMD2	504	59	0.117063
3	150804583	151154465	MED12L	504	1	0.001984
3	151054629	151102600	P2RY12	504	1	0.001984
3	151151280	151176497	IGSF10	504	1	0.001984
3	154741911	154901518	MME	504	135	0.267857
3	156392377	156424559	TIPARP	504	0	0.000000
3	156977529	157221394	VEPH1	504	106	0.210317
3	157261099	157319022	SLC66A1L	504	71	0.140873
3	157813798	157823952	SHOX2	504	4	0.007937
3	158519841	158547508	MFSD1	504	21	0.041667
3	167196470	167375711	WDR49	504	187	0.371032
3	167401084	167452680	PDCD10	504	190	0.376984
3	169805370	169899521	PHC3	504	97	0.192460
3	169940210	170023765	PRKCI	504	74	0.146825
3	186507679	186524484	RFC4	504	0	0.000000
3	190917028	190983404	OSTN	504	182	0.361111
3	191047181	191116448	CCDC50	504	198	0.392857
3	192992576	193096542	ATP13A5	504	55	0.109127
3	193116754	193272684	ATP13A4	504	125	0.248016
3	194995472	195163749	ACAP2	504	129	0.255952
3	196074531	196159298	UBXN7	504	0	0.000000
3	196439246	196462878	PIGX	504	10	0.019841
3	196466726	196559518	PAK2	504	9	0.017857
3	196594725	196661585	SENP5	504	31	0.061508
chr	posStart	posEnd	geneName	totSamples	NeanSamples	PropNean
4	3076406	3245687	HTT	504	1	0.001984
4	7755815	7780655	AFAP1-AS1	504	7	0.013889
4	7760438	7941653	AFAP1	504	7	0.013889
4	10075961	10118423	WDR1	504	4	0.007937
4	17812600	17846488	NCAPG	504	60	0.119048
4	20697903	20754523	PACRGL	504	16	0.031746
4	20730227	21950395	KCNIP4	504	16	0.031746
4	22388997	22517689	ADGRA3	504	28	0.055556
4	24529096	24586177	DHX15	504	0	0.000000
4	55944646	55991762	KDR	504	0	0.000000
4	56212407	56239267	SRD5A3	504	0	0.000000
4	95679104	96079601	BMPR1B	504	2	0.003968
4	96083653	96470124	UNC5C	504	2	0.003968
4	96761242	96762615	PDHA2	504	30	0.059524
4	100432176	100463460	C4orf17	504	0	0.000000
4	109729879	110223814	COL25A1	504	47	0.093254
4	110354869	110462052	SEC24B	504	77	0.152778
4	110834037	110934922	EGF	504	224	0.444444
4	113218497	113363777	ALPK1	504	1	0.001984
4	113460487	113558151	ZGRF1	504	2	0.003968
4	113558118	113578748	LARP7	504	2	0.003968
4	113627172	114304896	ANK2	504	2	0.003968
4	114372186	114683083	CAMK2D	504	198	0.392857
4	114821438	114900803	ARSJ	504	144	0.285714
4	119201191	119274158	PRSS12	504	2	0.003968
4	119606545	119636585	METTL14	504	4	0.007937
4	120415548	120549959	PDE5A	504	40	0.079365
4	121613066	121844021	PRDM5	504	170	0.337302
4	122052561	122148638	TNIP3	504	10	0.019841
4	126237565	126414087	FAT4	504	81	0.160714
4	128554110	128647892	INTU	504	245	0.486111
4	128702949	128761888	HSPA4L	504	240	0.476190
4	128838885	128887118	MFSD8	504	240	0.476190
4	128886559	128961082	ABHD18	504	242	0.480159
4	128982465	129144081	LARP1B	504	108	0.214286
4	146054800	146101741	OTUD4	504	1	0.001984
4	146678777	146859975	ZNF827	504	21	0.041667
4	147175131	147443123	SLC10A7	504	10	0.019841
4	150272859	150736995	IQCM	504	1	0.001984
4	153701087	153833509	ARFIP1	504	16	0.031746
4	154387496	154557863	TMEM131L	504	1	0.001984
4	156750879	156787429	ASIC5	504	36	0.071429
4	156824846	156841558	TDO2	504	36	0.071429
4	158141734	158287227	GRIA2	504	12	0.023810
4	162305042	163085186	FSTL5	504	7	0.013889
4	164415840	164441691	TMA16	504	53	0.105159
4	169277884	169401665	DDX60L	504	108	0.214286
4	175558069	175750398	GLRA3	504	1	0.001984
4	177134822	177190373	ASB5	504	1	0.001984
4	178351926	178363657	AGA	504	11	0.021825
4	183059809	183065668	TENM3-AS1	504	2	0.003968
4	183811242	183838630	DCTD	504	3	0.005952
4	184020408	184241930	WWC2	504	6	0.011905
4	187508946	187645010	FAT1	504	170	0.337302
chr	posStart	posEnd	geneName	totSamples	NeanSamples	PropNean
5	892997	918235	TRIP13	504	5	0.009921
5	1225494	1246304	SLC6A18	504	2	0.003968
5	5140441	5320417	ADAMTS16	504	9	0.017857
5	5422788	5490333	ICE1	504	17	0.033730
5	9035143	9546187	SEMA5A	504	0	0.000000
5	19471403	20575822	CDH18	504	5	0.009921
5	31400599	31532200	DROSHA	504	188	0.373016
5	31532371	31555165	C5orf22	504	167	0.331349
5	31639236	32111038	PDZD2	504	26	0.051587
5	32354454	32444846	ZFR	504	5	0.009921
5	32585661	32604185	SUB1	504	13	0.025794
5	34839267	34900616	TTC23L	504	16	0.031746
5	34929662	34959069	DNAJC21	504	37	0.073413
5	35856991	35879705	IL7R	504	52	0.103175
5	35904388	35938881	CAPSL	504	56	0.111111
5	35951106	36001124	UGT3A1	504	61	0.121032
5	36098507	36151989	LMBRD2	504	132	0.261905
5	36152143	36184421	SKP2	504	199	0.394841
5	36192689	36242381	NADK2	504	199	0.394841
5	36247013	36302004	RANBP3L	504	209	0.414683
5	38938020	39074501	RICTOR	504	102	0.202381
5	39105352	39270751	FYB1	504	126	0.250000
5	40825362	40835324	RPL37	504	40	0.079365
5	40841467	40855456	CARD6	504	39	0.077381
5	42423539	42721980	GHR	504	144	0.285714
5	42756918	42802541	CCDC152	504	144	0.285714
5	43287570	43313514	HMGCS1	504	67	0.132937
5	43526367	43557521	PAIP1	504	105	0.208333
5	43573285	43603332	NNT-AS1	504	105	0.208333
5	43602775	43707498	NNT	504	171	0.339286
5	45255048	45696482	HCN1	504	13	0.025794
5	49961763	50142353	PARP8	504	9	0.017857
5	52083748	52255039	ITGA1	504	0	0.000000
5	56111374	56191979	MAP3K1	504	270	0.535714
5	57877977	58155221	RAB3C	504	145	0.287698
5	58264863	59792113	PDE4D	504	56	0.111111
5	59892737	59995993	DEPDC1B	504	1	0.001984
5	86563698	86687743	RASA1	504	5	0.009921
5	86607286	86708850	CCNH	504	5	0.009921
5	96211641	96255420	ERAP2	504	3	0.005952
5	108670421	108745675	PJA2	504	3	0.005952
5	118406748	118584824	DMXL1	504	13	0.025794
5	118788190	118878027	HSD17B4	504	6	0.011905
5	121297668	121364328	SRFBP1	504	41	0.081349
5	121398888	121413954	LOX	504	36	0.071429
5	142149940	142608576	ARHGAP26	504	88	0.174603
5	142657494	142815077	NR3C1	504	29	0.057540
5	143550435	143865249	KCTD16	504	21	0.041667
5	145316139	145442855	SH3RF2	504	240	0.476190
5	145463874	145485140	PLAC8L1	504	184	0.365079
5	145492587	145562350	LARS1	504	184	0.365079
5	145826894	145891524	TCERG1	504	52	0.103175
5	146614587	146767418	STK32A	504	159	0.315476
5	146939555	147041572	JAKMIP2-AS1	504	138	0.273810
5	146964999	147162291	JAKMIP2	504	138	0.273810
5	147204141	147218794	SPINK1	504	0	0.000000
5	147443533	147516945	SPINK5	504	119	0.236111
5	147647868	147763413	LOC102546294	504	95	0.188492
5	147691984	147695482	SPINK7	504	95	0.188492
5	147763496	147822399	FBXO38	504	98	0.194444
5	147830593	148034090	HTR4	504	31	0.061508
5	148361711	148442625	SH3TC2	504	119	0.236111
5	148521008	148640002	ABLIM3	504	120	0.238095
5	148961059	149014531	ARHGEF37	504	218	0.432540
5	149237514	149324356	PDE6A	504	1	0.001984
5	149737200	149779871	TCOF1	504	109	0.216270
5	150070352	150080624	RBM22	504	81	0.160714
5	150088307	150138657	DCTN4	504	81	0.160714
5	150157506	150176298	SMIM3	504	3	0.005952
5	150694531	150727120	SLC36A2	504	110	0.218254
5	150816605	150871940	SLC36A1	504	126	0.250000
5	150883651	150948505	FAT2	504	119	0.236111
5	153369706	153418470	FAM114A2	504	114	0.226190
5	153570291	153800544	GALNT10	504	12	0.023810
5	153769327	153825382	SAP30L-AS1	504	12	0.023810
5	154266969	154317776	GEMIN5	504	32	0.063492
5	154393313	154397701	KIF4B	504	30	0.059524
5	168088743	168728143	SLIT3	504	107	0.212302
5	168133930	168147889	LOC101927969	504	79	0.156746
5	178191860	178245436	AACSP1	504	157	0.311508
5	178368197	178393434	ZNF454	504	112	0.222222
chr	posStart	posEnd	geneName	totSamples	NeanSamples	PropNean
6	1624033	2245839	GMDS	504	1	0.001984
6	8013798	8102828	EEF1E1-BLOC1S5	504	47	0.093254
6	8073591	8102781	EEF1E1	504	47	0.093254
6	8411666	8435800	SLC35B3	504	138	0.273810
6	25279600	25620758	CARMIL1	504	3	0.005952
6	26021905	26022278	H4C1	504	42	0.083333
6	26597179	26600967	ABT1	504	56	0.111111
6	27834568	27835359	H1-5	504	0	0.000000
6	33762448	33771780	MLN	504	51	0.101190
6	34247454	34360446	NUDT3	504	13	0.025794
6	34254969	34393902	RPS10-NUDT3	504	13	0.025794
6	35465649	35480673	TULP1	504	6	0.011905
6	35541360	35696360	FKBP5	504	0	0.000000
6	35800741	35888957	SRPK1	504	24	0.047619
6	35911289	35992418	SLC26A8	504	24	0.047619
6	36935909	36954327	MTCH1	504	14	0.027778
6	38683085	38998568	DNAH8	504	146	0.289683
6	41020938	41032630	APOBEC2	504	5	0.009921
6	41032509	41065526	OARD1	504	5	0.009921
6	41040711	41070142	NFYA	504	5	0.009921
6	41196085	41206620	TREML4	504	6	0.011905
6	41873089	41888877	MED20	504	2	0.003968
6	43005353	43021683	CUL7	504	27	0.053571
6	43027330	43042831	KLC4	504	19	0.037698
6	43044050	43129458	PTK7	504	6	0.011905
6	43265996	43273276	SLC22A7	504	6	0.011905
6	43303806	43337385	ZNF318	504	6	0.011905
6	43484760	43530144	POLR1C	504	5	0.009921
6	43490066	43543812	XPO5	504	5	0.009921
6	51480095	51952411	PKHD1	504	7	0.013889
6	52226947	52272575	PAQR8	504	27	0.053571
6	52866075	52926622	CILK1	504	50	0.099206
6	53132194	53213977	ELOVL5	504	40	0.079365
6	53659801	53788923	LRRC1	504	47	0.093254
6	54173237	54254940	TINAG	504	59	0.117063
6	64429874	66417119	EYS	504	246	0.488095
6	69345172	70099398	ADGRB3	504	0	0.000000
6	70576446	70922171	COL19A1	504	91	0.180556
6	70924762	71012787	COL9A1	504	6	0.011905
6	71123105	71270877	FAM135A	504	3	0.005952
6	73331569	73908574	KCNQ5	504	22	0.043651
6	74303100	74363715	SLC17A5	504	66	0.130952
6	75794040	75915769	COL12A1	504	245	0.486111
6	76311223	76427997	SENP6	504	129	0.255952
6	76458954	76629254	MYO6	504	135	0.267857
6	79644134	79787971	PHIP	504	3	0.005952
6	80816325	81055987	BCKDHB	504	1	0.001984
6	99817275	99842071	COQ3	504	1	0.001984
6	99880180	99963365	USP45	504	1	0.001984
6	99990261	100016690	CCNC	504	7	0.013889
6	100956068	101329248	ASCC3	504	40	0.079365
6	105175967	105307794	HACE1	504	2	0.003968
6	105544695	105585032	BVES	504	24	0.047619
6	105721091	105850957	PREP	504	102	0.202381
6	106808590	107019892	CRYBG1	504	166	0.329365
6	107077451	107116292	QRSL1	504	171	0.339286
6	108362611	108395945	OSTM1	504	93	0.184524
6	111580540	111592370	MFSD4B	504	1	0.001984
6	116422014	116570660	NT5DC1	504	3	0.005952
6	116440070	116447295	COL10A1	504	3	0.005952
6	117002372	117063030	KPNA5	504	1	0.001984
6	117609528	117747018	ROS1	504	99	0.196429
6	119280926	119470358	FAM184A	504	4	0.007937
6	121400638	121655875	TBC1D32	504	125	0.248016
6	122720694	122754264	HSF2	504	46	0.091270
6	123537482	123958238	TRDN	504	120	0.238095
6	127898317	127912965	C6orf58	504	2	0.003968
6	128289928	128841744	PTPRK	504	2	0.003968
6	129204281	129837711	LAMA2	504	1	0.001984
6	131160485	131384462	EPB41L2	504	0	0.000000
6	133090507	133119776	SLC18B1	504	0	0.000000
6	133135706	133138703	RPS12	504	51	0.101190
6	134273306	134311570	TBPL1	504	21	0.041667
6	136172837	136516712	PDE7B	504	26	0.051587
6	136878182	137113615	MAP3K5	504	36	0.071429
6	137518619	137540567	IFNGR1	504	59	0.117063
6	138409640	138428556	PERP	504	16	0.031746
6	138483074	138665800	ARFGEF3	504	8	0.015873
6	138743178	138893706	NHSL1	504	51	0.101190
6	143380498	143665020	AIG1	504	53	0.105159
6	144261435	144385736	PLAGL1	504	144	0.285714
6	144612871	145174170	UTRN	504	232	0.460317
6	145946439	146057159	EPM2A	504	49	0.097222
6	146056003	146207721	LOC100507557	504	49	0.097222
6	146205941	146285494	SHPRH	504	49	0.097222
6	146348841	146758737	GRM1	504	119	0.236111
6	146920106	147136598	ADGB	504	39	0.077381
6	147829824	147891157	SAMD5	504	49	0.097222
6	166571128	166582157	TBXT	504	8	0.015873
6	169857301	170102159	WDR27	504	5	0.009921
chr	posStart	posEnd	geneName	totSamples	NeanSamples	PropNean
7	2273828	2281840	MRM2	504	7	0.013889
7	2552161	2568811	LFNG	504	11	0.021825
7	5229862	5273486	WIPI2	504	3	0.005952
7	7397504	7575504	COL28A1	504	21	0.041667
7	19184403	19185044	FERD3L	504	107	0.212302
7	19735082	19748660	TWISTNB	504	3	0.005952
7	19758936	19813240	TMEM196	504	0	0.000000
7	20655288	20796631	ABCB5	504	39	0.077381
7	21467699	21554440	SP4	504	72	0.142857
7	22766817	22771617	IL6	504	6	0.011905
7	27778990	27869386	TAX1BP1	504	1	0.001984
7	38217845	38270270	STARD3NL	504	126	0.250000
7	38423295	38671167	AMPH	504	144	0.285714
7	40174573	40900366	SUGCT	504	111	0.220238
7	42000545	42276808	GLI3	504	37	0.073413
7	43152244	43605600	HECW1	504	38	0.075397
7	43622705	43666978	STK17A	504	12	0.023810
7	43648054	43769140	COA1	504	12	0.023810
7	50526132	50633102	DDC	504	63	0.125000
7	51083907	51384558	COBL	504	59	0.117063
7	55955147	56009918	ZNF713	504	35	0.069444
7	56032276	56067872	NIPSNAP2	504	32	0.063492
7	64432152	64467124	ERV3-1-ZNF117	504	126	0.250000
7	64450732	64467065	ERV3-1	504	126	0.250000
7	75544471	75616173	POR	504	5	0.009921
7	75616147	75623913	TMEM120A	504	0	0.000000
7	75625653	75677321	STYXL1	504	6	0.011905
7	76940066	77045666	GSAP	504	17	0.033730
7	77166610	77269386	PTPN12	504	1	0.001984
7	77428088	77586821	PHTF2	504	0	0.000000
7	81575758	82073272	CACNA2D1	504	19	0.037698
7	100838286	100844317	MOGAT3	504	2	0.003968
7	103112229	103630105	RELN	504	72	0.142857
7	103766786	103848495	ORC5	504	75	0.148810
7	104654635	104755466	KMT2E	504	69	0.136905
7	104756819	105029837	SRPK2	504	68	0.134921
7	105172526	105208131	RINT1	504	35	0.069444
7	105205553	105221989	EFCAB10	504	35	0.069444
7	128470458	128499328	FLNC	504	35	0.069444
7	128490214	128502680	FLNC-AS1	504	35	0.069444
7	128695275	128697293	TPI1P2	504	2	0.003968
7	129470570	129592800	UBE2H	504	38	0.075397
7	129804551	129845246	TMEM209	504	13	0.025794
7	129984654	130008571	CPA5	504	23	0.045635
7	130033610	130081051	CEP41	504	23	0.045635
7	134868589	134896278	WDR91	504	192	0.380952
7	135046545	135194875	CNOT4	504	49	0.097222
7	141404136	141438030	WEE2-AS1	504	29	0.057540
7	141408151	141431071	WEE2	504	29	0.057540
7	141438119	141450288	SSBP1	504	29	0.057540
7	154735398	154794834	PAXIP1	504	10	0.019841
7	156461704	156685902	LMBR1	504	9	0.017857
7	156931618	157062064	UBE3C	504	7	0.013889
7	157331744	158380515	PTPRN2	504	199	0.394841
7	158631934	158738883	WDR60	504	117	0.232143
7	158820864	158937649	VIPR2	504	6	0.011905
chr	posStart	posEnd	geneName	totSamples	NeanSamples	PropNean
8	2792881	4852436	CSMD1	504	70	0.138889
8	6264111	6506029	MCPH1	504	41	0.081349
8	12579413	12613035	LONRF1	504	4	0.007937
8	12803180	12887286	TRMT9B	504	23	0.045635
8	16884745	16980151	MICU3	504	2	0.003968
8	17104399	17190964	VPS37A	504	5	0.009921
8	17154301	17270860	MTMR7	504	5	0.009921
8	18384811	18871213	PSD3	504	102	0.202381
8	22019309	22021992	SFTPC	504	6	0.011905
8	22462268	22479027	CCAR2	504	45	0.089286
8	22477929	22526661	BIN3	504	45	0.089286
8	23286663	23315244	ENTPD4	504	1	0.001984
8	27142401	27168789	TRIM35	504	37	0.073413
8	27590831	27630157	CCDC25	504	27	0.053571
8	27667139	27695334	PBK	504	28	0.055556
8	30013883	30041155	DCTN6	504	49	0.097222
8	97657468	98155729	CPQ	504	1	0.001984
8	98881290	99048952	MATN2	504	124	0.246032
8	102504665	102681954	GRHL2	504	56	0.111111
8	103216727	103251189	RRM2B	504	1	0.001984
8	103264499	103424928	UBR5	504	1	0.001984
8	103838528	103876428	AZIN1	504	45	0.089286
8	104033309	104085279	ATP6V1C1	504	41	0.081349
8	105391657	105479283	DPYS	504	8	0.015873
8	124780677	124827692	FAM91A1	504	11	0.021825
8	131064348	131455920	ASAP1	504	1	0.001984
chr	posStart	posEnd	geneName	totSamples	NeanSamples	PropNean
9	18474149	18910948	ADAMTSL1	504	2	0.003968
9	20341665	20622498	MLLT3	504	1	0.001984
9	20658306	20995954	FOCAD	504	38	0.075397
9	32972602	33025118	APTX	504	4	0.007937
9	33025199	33039905	DNAJA1	504	4	0.007937
9	33041761	33076672	SMU1	504	4	0.007937
9	33921689	34049197	UBAP2	504	6	0.011905
9	34458748	34520987	DNAI1	504	12	0.023810
9	34621044	34629052	ARID3C	504	16	0.031746
9	34646584	34651032	GALT	504	16	0.031746
9	34652180	34661899	IL11RA	504	16	0.031746
9	71939486	72007389	FAM189A2	504	1	0.001984
9	73143974	74061887	TRPM3	504	81	0.160714
9	82186686	82341797	TLE4	504	3	0.005952
9	86237962	86259045	IDNK	504	35	0.069444
9	86582996	86595697	HNRNPK	504	26	0.051587
9	87283371	87641985	NTRK2	504	17	0.033730
9	88556055	88640377	NAA35	504	6	0.011905
9	93976095	94124251	AUH	504	245	0.486111
9	94484881	94712510	ROR2	504	169	0.335317
9	94793427	94877695	SPTLC1	504	74	0.146825
9	94972487	95056038	IARS1	504	45	0.089286
9	95059638	95087876	NOL8	504	45	0.089286
9	95087748	95382811	CENPP	504	49	0.097222
9	95218485	95244788	ASPN	504	44	0.087302
9	95375463	95432413	IPPK	504	48	0.095238
9	95947210	96082854	WNK2	504	99	0.196429
9	97488949	97849500	AOPEP	504	51	0.101190
9	98205260	98279339	PTCH1	504	29	0.057540
9	98637971	98780729	ERCC6L2	504	104	0.206349
9	99075717	99145993	SLC35D2	504	12	0.023810
9	99148221	99180652	ZNF367	504	12	0.023810
9	99516829	99540411	ZNF510	504	102	0.202381
9	100000706	100139577	SUGT1P4-STRA6LP-CCDC180	504	104	0.206349
9	100069617	100141033	CCDC180	504	104	0.206349
9	100263460	100364025	TMOD1	504	135	0.267857
9	100362360	100395650	TSTD2	504	142	0.281746
9	100395703	100436030	NCBP1	504	142	0.281746
9	100615506	100618999	FOXE1	504	54	0.107143
9	101494289	101558837	ANKS6	504	15	0.029762
9	104182840	104198056	ALDOB	504	2	0.003968
9	104296133	104325626	RNF20	504	68	0.134921
9	104331632	104500929	GRIN3A	504	163	0.323413
9	105281917	105419791	LINC00587	504	135	0.267857
9	105757613	105780770	CYLC2	504	194	0.384921
9	106856539	106903700	SMC2	504	13	0.025794
9	107266542	107267503	OR13F1	504	14	0.027778
9	107288532	107289490	OR13C4	504	11	0.021825
9	110045558	110094475	RAD23B	504	2	0.003968
9	111934252	112083244	EPB41L4B	504	95	0.188492
9	113127526	113342021	SVEP1	504	335	0.664683
9	114122963	114246663	ECPAS	504	176	0.349206
9	114287457	114340397	ZNF483	504	226	0.448413
9	114312000	114362135	PTGR1	504	226	0.448413
9	115513038	115637267	SNX30	504	65	0.128968
9	116111819	116133502	BSPRY	504	186	0.369048
9	119185389	120177335	ASTN2	504	221	0.438492
9	125512125	125513062	OR1L6	504	1	0.001984
9	127615694	127620170	WDR38	504	32	0.063492
9	127640552	127703362	GOLGA1	504	44	0.087302
9	128509650	128729656	PBX3	504	141	0.279762
9	129677051	129985445	RALGPS1	504	81	0.160714
9	129849625	129884914	ANGPTL2	504	81	0.160714
9	130025939	130155939	GARNL3	504	52	0.103175
9	130159415	130170177	SLC2A8	504	50	0.099206
9	130469265	130478281	CFAP157	504	69	0.136905
9	130478356	130493869	TTC16	504	69	0.136905
9	130500594	130540945	SH2D3C	504	58	0.115079
9	130683158	130693056	PIP5KL1	504	185	0.367063
9	130697372	130700763	DPM2	504	183	0.363095
9	131018106	131038231	GOLGA2	504	103	0.204365
9	131067436	131084726	TRUB2	504	97	0.192460
9	131133596	131154295	URM1	504	101	0.200397
9	131314864	131395941	SPTAN1	504	55	0.109127
9	131857071	131873072	CRAT	504	10	0.019841
9	135285596	135448706	CFAP77	504	6	0.011905
9	136215071	136218281	RPL7A	504	20	0.039683
9	136218611	136223363	SURF1	504	20	0.039683
9	136223424	136228034	SURF2	504	20	0.039683
9	136228323	136244820	SURF4	504	20	0.039683
9	136243235	136271220	STKLD1	504	19	0.037698
9	137795076	137809758	FCN1	504	1	0.001984
9	137967349	138013030	OLFM1	504	18	0.035714
9	138585251	138591327	SOHLH1	504	3	0.005952
9	139981435	140003635	MAN1B1	504	9	0.017857
9	140004996	140009185	DPP7	504	9	0.017857
9	140772232	141019071	CACNA1B	504	10	0.019841
